iteration,max_fitness,time,test_accuracy
0,-16.34916,0.0,-23.053602
1,-15.296143,1.4835608005523682,[-21.59287]
2,-15.296143,1.3202061653137207,[-21.59287]
3,-8.142072,1.2922618389129639,[-11.5826]
4,-0.5792185,1.3153202533721924,[-0.5936264]
5,0.1350866,1.322345495223999,[0.08168364]
6,0.1350866,1.3262603282928467,[0.08168364]
7,0.1350866,1.2878105640411377,[0.08168364]
8,0.1350866,1.2637443542480469,[0.08168364]
9,0.1350866,1.4427695274353027,[0.08168364]
10,0.1350866,1.3422789573669434,[0.08168364]
11,0.1350866,1.3312091827392578,[0.08168364]
12,0.1350866,1.3394224643707275,[0.08168364]
13,0.1350866,1.3264923095703125,[0.08168364]
14,0.1350866,1.3072938919067383,[0.08168364]
15,0.1350866,1.329892635345459,[0.08168364]
16,0.1350866,1.30873703956604,[0.08168364]
17,0.1350866,1.4160850048065186,[0.08168364]
18,0.1350866,1.2984650135040283,[0.08168364]
19,0.1350866,1.2671401500701904,[0.08168364]
20,0.1350866,1.2514798641204834,[0.08168364]
21,0.1350866,1.307370901107788,[0.08168364]
22,0.1350866,1.3243968486785889,[0.08168364]
23,0.1350866,1.3135569095611572,[0.08168364]
24,0.1350866,1.3307487964630127,[0.08168364]
25,0.1350866,1.3392491340637207,[0.08168364]
26,0.1350866,1.329660177230835,[0.08168364]
27,0.1350866,1.2968308925628662,[0.08168364]
28,0.1350866,1.3259336948394775,[0.08168364]
29,0.1350866,1.4461147785186768,[0.08168364]
30,0.36907393,1.400200366973877,[-0.36562026]
31,0.36907393,1.4257819652557373,[-0.36562026]
32,0.36907393,1.4946322441101074,[-0.36562026]
33,0.36907393,1.4865596294403076,[-0.36562026]
34,0.36907393,1.5128543376922607,[-0.36562026]
35,0.36907393,1.6197991371154785,[-0.36562026]
36,0.36907393,1.4916682243347168,[-0.36562026]
37,0.36907393,1.5813727378845215,[-0.36562026]
38,0.36907393,1.4664175510406494,[-0.36562026]
39,0.36907393,1.511556625366211,[-0.36562026]
40,0.36907393,1.283848524093628,[-0.36562026]
41,0.36907393,1.2793290615081787,[-0.36562026]
42,0.36907393,1.2884795665740967,[-0.36562026]
43,0.36907393,1.3959262371063232,[-0.36562026]
44,0.36907393,1.483569860458374,[-0.36562026]
45,0.36907393,1.4604170322418213,[-0.36562026]
46,0.36907393,1.25736403465271,[-0.36562026]
47,0.36907393,1.316629409790039,[-0.36562026]
48,0.36907393,1.2768363952636719,[-0.36562026]
49,0.36907393,1.3009178638458252,[-0.36562026]
50,0.36907393,1.4859788417816162,[-0.36562026]
51,0.36907393,1.4218971729278564,[-0.36562026]
52,0.36907393,3.71840763092041,[-0.36562026]
53,0.36907393,1.4049348831176758,[-0.36562026]
54,0.36907393,1.250627040863037,[-0.36562026]
55,0.36907393,1.4292919635772705,[-0.36562026]
56,0.36907393,1.4417381286621094,[-0.36562026]
57,0.36907393,1.2960383892059326,[-0.36562026]
58,0.44142914,1.3377044200897217,[-0.2996832]
59,0.44142914,1.3248586654663086,[-0.2996832]
60,0.44142914,1.2902719974517822,[-0.2996832]
61,0.44142914,1.2877206802368164,[-0.2996832]
62,0.44142914,1.409256935119629,[-0.2996832]
63,0.44142914,1.2712297439575195,[-0.2996832]
64,0.44142914,1.2902941703796387,[-0.2996832]
65,0.44142914,1.3178975582122803,[-0.2996832]
66,0.44142914,1.471369743347168,[-0.2996832]
67,0.44142914,1.3404059410095215,[-0.2996832]
68,0.44142914,1.3476405143737793,[-0.2996832]
69,0.44142914,1.3256635665893555,[-0.2996832]
70,0.44142914,1.461362600326538,[-0.2996832]
71,0.44142914,1.2817120552062988,[-0.2996832]
72,0.44142914,1.2993292808532715,[-0.2996832]
73,0.44142914,1.5137948989868164,[-0.2996832]
74,0.44142914,1.327383279800415,[-0.2996832]
75,0.44142914,1.4845938682556152,[-0.2996832]
76,0.44142914,1.2635304927825928,[-0.2996832]
77,0.44142914,1.2732973098754883,[-0.2996832]
78,0.44142914,1.3197484016418457,[-0.2996832]
79,0.44142914,1.2676990032196045,[-0.2996832]
80,0.44142914,1.2675237655639648,[-0.2996832]
81,0.44142914,1.4515798091888428,[-0.2996832]
82,0.44142914,1.478285789489746,[-0.2996832]
83,0.44142914,1.2893528938293457,[-0.2996832]
84,0.44142914,1.4923136234283447,[-0.2996832]
85,0.44142914,1.309485673904419,[-0.2996832]
86,0.44142914,1.2816383838653564,[-0.2996832]
87,0.44142914,1.3245065212249756,[-0.2996832]
88,0.44142914,1.516545295715332,[-0.2996832]
89,0.44142914,1.297311544418335,[-0.2996832]
90,0.44142914,1.462179183959961,[-0.2996832]
91,0.44142914,1.402789831161499,[-0.2996832]
92,0.44142914,1.6824028491973877,[-0.2996832]
93,0.44142914,1.4556071758270264,[-0.2996832]
94,0.44142914,1.4881618022918701,[-0.2996832]
95,0.44142914,1.3255853652954102,[-0.2996832]
96,0.44142914,1.5019176006317139,[-0.2996832]
97,0.44142914,1.4502887725830078,[-0.2996832]
98,0.44142914,1.3290355205535889,[-0.2996832]
99,0.44142914,1.5052874088287354,[-0.2996832]
100,0.44142914,1.3216230869293213,[-0.2996832]
101,0.44142914,1.3010914325714111,[-0.2996832]
102,0.44142914,1.2767691612243652,[-0.2996832]
103,0.44142914,1.356513500213623,[-0.2996832]
104,0.44142914,1.2487034797668457,[-0.2996832]
105,0.44142914,1.47552490234375,[-0.2996832]
106,0.44142914,1.5208499431610107,[-0.2996832]
107,0.44142914,1.4859950542449951,[-0.2996832]
108,0.44142914,1.325965166091919,[-0.2996832]
109,0.44142914,1.2922711372375488,[-0.2996832]
110,0.44142914,1.2901175022125244,[-0.2996832]
111,0.44142914,1.305830955505371,[-0.2996832]
112,0.44142914,1.313570261001587,[-0.2996832]
113,0.44142914,1.3245866298675537,[-0.2996832]
114,0.44142914,1.4086785316467285,[-0.2996832]
115,0.44142914,1.3047585487365723,[-0.2996832]
116,0.44142914,1.4759783744812012,[-0.2996832]
117,0.44142914,1.475520372390747,[-0.2996832]
118,0.44142914,1.3081231117248535,[-0.2996832]
119,0.44142914,1.4865961074829102,[-0.2996832]
120,0.44142914,1.3161602020263672,[-0.2996832]
121,0.44142914,1.4634175300598145,[-0.2996832]
122,0.44142914,1.3105168342590332,[-0.2996832]
123,0.44142914,1.2523279190063477,[-0.2996832]
124,0.44142914,1.3751859664916992,[-0.2996832]
125,0.44142914,1.4262864589691162,[-0.2996832]
126,0.44142914,1.5007190704345703,[-0.2996832]
127,0.44142914,1.3091285228729248,[-0.2996832]
128,0.44142914,1.3283240795135498,[-0.2996832]
129,0.44142914,1.4901628494262695,[-0.2996832]
130,0.44142914,1.2971525192260742,[-0.2996832]
131,0.44142914,1.3641233444213867,[-0.2996832]
132,0.44142914,1.30045485496521,[-0.2996832]
133,0.44142914,1.4688715934753418,[-0.2996832]
134,0.44142914,1.3029165267944336,[-0.2996832]
135,0.44142914,1.4012641906738281,[-0.2996832]
136,0.44142914,1.5919630527496338,[-0.2996832]
137,0.44142914,1.4529492855072021,[-0.2996832]
138,0.44142914,1.4366014003753662,[-0.2996832]
139,0.44142914,1.4067213535308838,[-0.2996832]
140,0.44142914,1.2545976638793945,[-0.2996832]
141,0.44142914,1.4107749462127686,[-0.2996832]
142,0.44142914,1.428873062133789,[-0.2996832]
143,0.44142914,3.7843451499938965,[-0.2996832]
144,0.44142914,1.633453369140625,[-0.2996832]
145,0.44142914,1.266045093536377,[-0.2996832]
146,0.44142914,1.4123563766479492,[-0.2996832]
147,0.44142914,1.3216607570648193,[-0.2996832]
148,0.44142914,1.2888476848602295,[-0.2996832]
149,0.44142914,1.4675593376159668,[-0.2996832]
150,0.44142914,1.3822519779205322,[-0.2996832]
151,0.44142914,1.4803440570831299,[-0.2996832]
152,0.44142914,1.470693588256836,[-0.2996832]
153,0.44142914,1.3249876499176025,[-0.2996832]
154,0.44142914,1.291337013244629,[-0.2996832]
155,0.44142914,1.4279565811157227,[-0.2996832]
156,0.44142914,1.3948566913604736,[-0.2996832]
157,0.44142914,1.408179759979248,[-0.2996832]
158,0.44142914,1.301605224609375,[-0.2996832]
159,0.44142914,1.285783052444458,[-0.2996832]
160,0.44142914,1.3019466400146484,[-0.2996832]
161,0.44142914,1.4730119705200195,[-0.2996832]
162,0.44142914,1.4191937446594238,[-0.2996832]
163,0.44142914,1.2797212600708008,[-0.2996832]
164,0.44142914,1.468526840209961,[-0.2996832]
165,0.44142914,1.2643868923187256,[-0.2996832]
166,0.44142914,1.2770264148712158,[-0.2996832]
167,0.44142914,1.2917721271514893,[-0.2996832]
168,0.44142914,1.2638733386993408,[-0.2996832]
169,0.44142914,1.4260451793670654,[-0.2996832]
170,0.44142914,1.4663958549499512,[-0.2996832]
171,0.44142914,1.490755558013916,[-0.2996832]
172,0.44142914,1.2717370986938477,[-0.2996832]
173,0.44142914,1.4221291542053223,[-0.2996832]
174,0.44142914,1.4701125621795654,[-0.2996832]
175,0.44142914,1.4422550201416016,[-0.2996832]
176,0.44142914,1.6685781478881836,[-0.2996832]
177,0.44142914,1.684216022491455,[-0.2996832]
178,0.44142914,1.441220998764038,[-0.2996832]
179,0.44142914,1.680032730102539,[-0.2996832]
180,0.44142914,1.2966179847717285,[-0.2996832]
181,0.44142914,1.430694580078125,[-0.2996832]
182,0.44142914,1.4576144218444824,[-0.2996832]
183,0.44142914,1.4474177360534668,[-0.2996832]
184,0.44142914,1.4334118366241455,[-0.2996832]
185,0.44142914,1.6419146060943604,[-0.2996832]
186,0.44142914,1.3770105838775635,[-0.2996832]
187,0.44142914,1.3814938068389893,[-0.2996832]
188,0.44142914,1.659188985824585,[-0.2996832]
189,0.44142914,1.3218648433685303,[-0.2996832]
190,0.44142914,1.6405317783355713,[-0.2996832]
191,0.44142914,1.48561692237854,[-0.2996832]
192,0.44142914,1.4145681858062744,[-0.2996832]
193,0.44142914,1.4844872951507568,[-0.2996832]
194,0.44142914,1.648458480834961,[-0.2996832]
195,0.44142914,1.4992306232452393,[-0.2996832]
196,0.44142914,1.4750595092773438,[-0.2996832]
197,0.44142914,1.4785575866699219,[-0.2996832]
198,0.44142914,1.495227336883545,[-0.2996832]
199,0.44142914,1.5045151710510254,[-0.2996832]
200,0.44142914,1.675140619277954,[-0.2996832]
201,0.44142914,1.5965285301208496,[-0.2996832]
202,0.44142914,1.615168809890747,[-0.2996832]
203,0.44142914,1.5041425228118896,[-0.2996832]
204,0.44142914,1.462348461151123,[-0.2996832]
205,0.44142914,1.4909005165100098,[-0.2996832]
206,0.44142914,1.6918470859527588,[-0.2996832]
207,0.44142914,1.4811294078826904,[-0.2996832]
208,0.44142914,1.621650218963623,[-0.2996832]
209,0.44142914,1.2969839572906494,[-0.2996832]
210,0.44142914,1.2523128986358643,[-0.2996832]
211,0.44142914,1.4237825870513916,[-0.2996832]
212,0.44142914,1.297504186630249,[-0.2996832]
213,0.44142914,1.5048513412475586,[-0.2996832]
214,0.44142914,1.4574034214019775,[-0.2996832]
215,0.44142914,1.4886140823364258,[-0.2996832]
216,0.44142914,1.3105945587158203,[-0.2996832]
217,0.44142914,1.3169138431549072,[-0.2996832]
218,0.44142914,1.2822983264923096,[-0.2996832]
219,0.44142914,1.2749063968658447,[-0.2996832]
220,0.44142914,1.6859405040740967,[-0.2996832]
221,0.44142914,1.4665241241455078,[-0.2996832]
222,0.44142914,1.5161187648773193,[-0.2996832]
223,0.44142914,1.567946195602417,[-0.2996832]
224,0.44142914,1.4521408081054688,[-0.2996832]
225,0.44142914,1.311655044555664,[-0.2996832]
226,0.44142914,1.3248486518859863,[-0.2996832]
227,0.44142914,1.486633062362671,[-0.2996832]
228,0.44142914,1.5034196376800537,[-0.2996832]
229,0.44142914,1.303088903427124,[-0.2996832]
230,0.44142914,1.661794900894165,[-0.2996832]
231,0.44142914,1.4023799896240234,[-0.2996832]
232,0.44142914,1.434875726699829,[-0.2996832]
233,0.44142914,1.330601453781128,[-0.2996832]
234,0.44142914,1.3195562362670898,[-0.2996832]
235,0.44142914,3.8918492794036865,[-0.2996832]
236,0.44142914,1.3062458038330078,[-0.2996832]
237,0.44142914,1.4897563457489014,[-0.2996832]
238,0.44142914,1.3098702430725098,[-0.2996832]
239,0.44142914,1.6658458709716797,[-0.2996832]
240,0.44142914,1.640425205230713,[-0.2996832]
241,0.44142914,1.4888238906860352,[-0.2996832]
242,0.44142914,1.4335017204284668,[-0.2996832]
243,0.44142914,1.498481273651123,[-0.2996832]
244,0.44142914,1.3931703567504883,[-0.2996832]
245,0.44142914,1.5777266025543213,[-0.2996832]
246,0.44142914,1.4072375297546387,[-0.2996832]
247,0.44142914,1.4474537372589111,[-0.2996832]
248,0.44142914,1.476409912109375,[-0.2996832]
249,0.44142914,1.456786870956421,[-0.2996832]
250,0.44142914,1.2812001705169678,[-0.2996832]
251,0.44142914,1.2460055351257324,[-0.2996832]
252,0.44142914,1.2812283039093018,[-0.2996832]
253,0.44142914,1.4586594104766846,[-0.2996832]
254,0.44142914,1.5783562660217285,[-0.2996832]
255,0.44142914,1.3043212890625,[-0.2996832]
256,0.44142914,1.3113863468170166,[-0.2996832]
257,0.44142914,1.2710208892822266,[-0.2996832]
258,0.44142914,1.2759625911712646,[-0.2996832]
259,0.44142914,1.4497735500335693,[-0.2996832]
260,0.44142914,1.4683566093444824,[-0.2996832]
261,0.44142914,1.3058807849884033,[-0.2996832]
262,0.44142914,1.2806544303894043,[-0.2996832]
263,0.44142914,1.2554442882537842,[-0.2996832]
264,0.44142914,1.517585039138794,[-0.2996832]
265,0.44142914,1.4660594463348389,[-0.2996832]
266,0.44142914,1.382986068725586,[-0.2996832]
267,0.44142914,1.3704235553741455,[-0.2996832]
268,0.44142914,1.3024401664733887,[-0.2996832]
269,0.44142914,1.3220033645629883,[-0.2996832]
270,0.44142914,1.4710898399353027,[-0.2996832]
271,0.44142914,1.489283561706543,[-0.2996832]
272,0.44142914,1.3265609741210938,[-0.2996832]
273,0.44142914,1.3341493606567383,[-0.2996832]
274,0.44142914,1.3363711833953857,[-0.2996832]
275,0.44142914,1.3173496723175049,[-0.2996832]
276,0.44142914,1.308020830154419,[-0.2996832]
277,0.44142914,1.3074488639831543,[-0.2996832]
278,0.44142914,1.3082985877990723,[-0.2996832]
279,0.44142914,1.4830939769744873,[-0.2996832]
280,0.44142914,1.470973253250122,[-0.2996832]
281,0.44142914,1.3971171379089355,[-0.2996832]
282,0.44142914,1.2433547973632812,[-0.2996832]
283,0.44142914,1.22165846824646,[-0.2996832]
284,0.44142914,1.2689979076385498,[-0.2996832]
285,0.44142914,1.258164644241333,[-0.2996832]
286,0.44142914,1.2621562480926514,[-0.2996832]
287,0.44142914,1.2907578945159912,[-0.2996832]
288,0.44142914,1.267585039138794,[-0.2996832]
289,0.44142914,1.445906639099121,[-0.2996832]
290,0.44142914,1.2873718738555908,[-0.2996832]
291,0.44142914,1.3159146308898926,[-0.2996832]
292,0.44142914,1.2863850593566895,[-0.2996832]
293,0.44142914,1.2366588115692139,[-0.2996832]
294,0.44142914,1.2689497470855713,[-0.2996832]
295,0.44142914,1.2979190349578857,[-0.2996832]
296,0.44142914,1.2986557483673096,[-0.2996832]
297,0.44142914,1.29010009765625,[-0.2996832]
298,0.44142914,1.2737605571746826,[-0.2996832]
299,0.44142914,1.243091344833374,[-0.2996832]
300,0.44142914,1.4279680252075195,[-0.2996832]
301,0.44142914,1.2987456321716309,[-0.2996832]
302,0.44142914,1.3392634391784668,[-0.2996832]
303,0.44142914,1.4496417045593262,[-0.2996832]
304,0.44142914,1.6183788776397705,[-0.2996832]
305,0.44142914,1.2480766773223877,[-0.2996832]
306,0.44142914,1.384223222732544,[-0.2996832]
307,0.44142914,1.5378456115722656,[-0.2996832]
308,0.44142914,1.438852310180664,[-0.2996832]
309,0.44142914,1.5496480464935303,[-0.2996832]
310,0.44142914,1.2373759746551514,[-0.2996832]
311,0.44142914,1.269113302230835,[-0.2996832]
312,0.44142914,1.257138729095459,[-0.2996832]
313,0.44142914,1.2425694465637207,[-0.2996832]
314,0.44142914,1.4120519161224365,[-0.2996832]
315,0.44142914,1.2845122814178467,[-0.2996832]
316,0.44142914,1.2701451778411865,[-0.2996832]
317,0.44142914,1.254401445388794,[-0.2996832]
318,0.44142914,1.3889148235321045,[-0.2996832]
319,0.44142914,1.4117498397827148,[-0.2996832]
320,0.44142914,1.28248929977417,[-0.2996832]
321,0.44142914,1.2820687294006348,[-0.2996832]
322,0.44142914,1.2917180061340332,[-0.2996832]
323,0.44142914,1.6228680610656738,[-0.2996832]
324,0.44142914,1.247201919555664,[-0.2996832]
325,0.44142914,1.3026959896087646,[-0.2996832]
326,0.44142914,3.7318804264068604,[-0.2996832]
327,0.44142914,1.3948090076446533,[-0.2996832]
328,0.44142914,1.5885882377624512,[-0.2996832]
329,0.44142914,1.471189022064209,[-0.2996832]
330,0.44142914,1.398709774017334,[-0.2996832]
331,0.44142914,1.6630949974060059,[-0.2996832]
332,0.44142914,1.4342939853668213,[-0.2996832]
333,0.44142914,1.4298720359802246,[-0.2996832]
334,0.44142914,1.3788526058197021,[-0.2996832]
335,0.44142914,1.4228549003601074,[-0.2996832]
336,0.44142914,1.4541194438934326,[-0.2996832]
337,0.44142914,1.272007942199707,[-0.2996832]
338,0.44142914,1.309659719467163,[-0.2996832]
339,0.44142914,1.3278634548187256,[-0.2996832]
340,0.44142914,1.2818324565887451,[-0.2996832]
341,0.44142914,1.275357961654663,[-0.2996832]
342,0.44142914,1.2680013179779053,[-0.2996832]
343,0.44142914,1.3196287155151367,[-0.2996832]
344,0.44142914,1.633361577987671,[-0.2996832]
345,0.44142914,1.4734017848968506,[-0.2996832]
346,0.44142914,1.448113203048706,[-0.2996832]
347,0.44142914,1.243807077407837,[-0.2996832]
348,0.44142914,1.386159896850586,[-0.2996832]
349,0.44142914,1.264244794845581,[-0.2996832]
350,0.44142914,1.4198508262634277,[-0.2996832]
351,0.44142914,1.383554220199585,[-0.2996832]
352,0.44142914,1.6086034774780273,[-0.2996832]
353,0.44142914,1.547806978225708,[-0.2996832]
354,0.44142914,1.370776891708374,[-0.2996832]
355,0.44142914,1.2563238143920898,[-0.2996832]
356,0.44142914,1.4710488319396973,[-0.2996832]
357,0.44142914,1.3045482635498047,[-0.2996832]
358,0.44142914,1.6658604145050049,[-0.2996832]
359,0.44142914,1.5926058292388916,[-0.2996832]
360,0.44142914,1.3171215057373047,[-0.2996832]
361,0.44142914,1.3138272762298584,[-0.2996832]
362,0.44142914,1.6419367790222168,[-0.2996832]
363,0.44142914,1.2818903923034668,[-0.2996832]
364,0.44142914,1.2937889099121094,[-0.2996832]
365,0.44142914,1.4368972778320312,[-0.2996832]
366,0.44142914,1.4820473194122314,[-0.2996832]
367,0.44142914,1.286224603652954,[-0.2996832]
368,0.44142914,1.2823572158813477,[-0.2996832]
369,0.44142914,1.4307219982147217,[-0.2996832]
370,0.44142914,1.4103045463562012,[-0.2996832]
371,0.44142914,1.2705776691436768,[-0.2996832]
372,0.44142914,1.334418535232544,[-0.2996832]
373,0.44142914,1.242927074432373,[-0.2996832]
374,0.44142914,1.292649507522583,[-0.2996832]
375,0.44142914,1.3033175468444824,[-0.2996832]
376,0.44142914,1.4281797409057617,[-0.2996832]
377,0.44142914,1.2669363021850586,[-0.2996832]
378,0.44142914,1.6301825046539307,[-0.2996832]
379,0.44142914,1.255683183670044,[-0.2996832]
380,0.44142914,1.3785204887390137,[-0.2996832]
381,0.44142914,1.272087574005127,[-0.2996832]
382,0.44142914,1.4494092464447021,[-0.2996832]
383,0.44142914,1.3141183853149414,[-0.2996832]
384,0.44142914,1.4866104125976562,[-0.2996832]
385,0.44142914,1.4649317264556885,[-0.2996832]
386,0.44142914,1.4552953243255615,[-0.2996832]
387,0.44142914,1.4751646518707275,[-0.2996832]
388,0.44142914,1.4462661743164062,[-0.2996832]
389,0.44142914,1.395986557006836,[-0.2996832]
390,0.44142914,1.3705296516418457,[-0.2996832]
391,0.44142914,1.3894147872924805,[-0.2996832]
392,0.44142914,1.3709869384765625,[-0.2996832]
393,0.44142914,1.2811508178710938,[-0.2996832]
394,0.44142914,1.4624359607696533,[-0.2996832]
395,0.44142914,1.4559054374694824,[-0.2996832]
396,0.44142914,1.3859937191009521,[-0.2996832]
397,0.44142914,1.416123628616333,[-0.2996832]
398,0.44142914,1.24159574508667,[-0.2996832]
399,0.44142914,1.2455291748046875,[-0.2996832]
400,0.44142914,1.435675859451294,[-0.2996832]
401,0.44142914,1.5044195652008057,[-0.2996832]
402,0.44142914,1.294999599456787,[-0.2996832]
403,0.44142914,1.4586215019226074,[-0.2996832]
404,0.44142914,1.4135172367095947,[-0.2996832]
405,0.44142914,1.2938563823699951,[-0.2996832]
406,0.44142914,1.4753069877624512,[-0.2996832]
407,0.44142914,1.6110501289367676,[-0.2996832]
408,0.44142914,1.2759389877319336,[-0.2996832]
409,0.44142914,1.4098801612854004,[-0.2996832]
410,0.44142914,1.2937273979187012,[-0.2996832]
411,0.44142914,1.3025672435760498,[-0.2996832]
412,0.44142914,1.3035833835601807,[-0.2996832]
413,0.4754936,1.409855842590332,[0.17933625]
414,0.4754936,1.3751986026763916,[0.17933625]
415,0.4754936,1.4360358715057373,[0.17933625]
416,0.4754936,1.2971630096435547,[0.17933625]
417,0.4754936,1.4407896995544434,[0.17933625]
418,0.4754936,3.512871265411377,[0.17933625]
419,0.4754936,1.3090710639953613,[0.17933625]
420,0.4754936,1.4770281314849854,[0.17933625]
421,0.4754936,1.3051395416259766,[0.17933625]
422,0.4754936,1.3033852577209473,[0.17933625]
423,0.4754936,1.2798714637756348,[0.17933625]
424,0.4754936,1.2844138145446777,[0.17933625]
425,0.4754936,1.2968366146087646,[0.17933625]
426,0.4754936,1.2993488311767578,[0.17933625]
427,0.4754936,1.3152763843536377,[0.17933625]
428,0.4754936,1.2978487014770508,[0.17933625]
429,0.4754936,1.2928705215454102,[0.17933625]
430,0.4754936,1.2775118350982666,[0.17933625]
431,0.4754936,1.4835896492004395,[0.17933625]
432,0.4754936,1.286142110824585,[0.17933625]
433,0.4754936,1.277590274810791,[0.17933625]
434,0.4754936,1.4209249019622803,[0.17933625]
435,0.4754936,1.387169361114502,[0.17933625]
436,0.4754936,1.209944725036621,[0.17933625]
437,0.4754936,1.3536767959594727,[0.17933625]
438,0.4754936,1.238161325454712,[0.17933625]
439,0.4754936,1.278700351715088,[0.17933625]
440,0.4754936,1.247938632965088,[0.17933625]
441,0.4754936,1.2253589630126953,[0.17933625]
442,0.4754936,1.2521345615386963,[0.17933625]
443,0.4754936,1.407057285308838,[0.17933625]
444,0.4754936,1.4497833251953125,[0.17933625]
445,0.4754936,1.2939000129699707,[0.17933625]
446,0.4754936,1.4089112281799316,[0.17933625]
447,0.4754936,1.280991554260254,[0.17933625]
448,0.4754936,1.4570934772491455,[0.17933625]
449,0.4754936,1.273833990097046,[0.17933625]
450,0.4754936,1.3024260997772217,[0.17933625]
451,0.4754936,1.3181002140045166,[0.17933625]
452,0.4754936,1.2992947101593018,[0.17933625]
453,0.4754936,1.3169605731964111,[0.17933625]
454,0.4754936,1.2927734851837158,[0.17933625]
455,0.4754936,1.2959156036376953,[0.17933625]
456,0.4754936,1.2896976470947266,[0.17933625]
457,0.4754936,1.2813076972961426,[0.17933625]
458,0.4754936,1.4636170864105225,[0.17933625]
459,0.4754936,1.2813332080841064,[0.17933625]
460,0.4754936,1.6497650146484375,[0.17933625]
461,0.4754936,1.292447805404663,[0.17933625]
462,0.4754936,1.2997143268585205,[0.17933625]
463,0.4754936,1.4562082290649414,[0.17933625]
464,0.4754936,1.5171186923980713,[0.17933625]
465,0.4754936,1.3379590511322021,[0.17933625]
466,0.4754936,1.23618483543396,[0.17933625]
467,0.4754936,1.2510631084442139,[0.17933625]
468,0.4866094,1.246182918548584,[0.13227332]
469,0.4866094,1.5340101718902588,[0.13227332]
470,0.4866094,1.24815034866333,[0.13227332]
471,0.4866094,1.2710824012756348,[0.13227332]
472,0.4866094,1.618730068206787,[0.13227332]
473,0.4866094,1.420060396194458,[0.13227332]
474,0.4866094,1.2811872959136963,[0.13227332]
475,0.4866094,1.2961509227752686,[0.13227332]
476,0.4866094,1.2266466617584229,[0.13227332]
477,0.4866094,1.4193508625030518,[0.13227332]
478,0.4866094,1.294435977935791,[0.13227332]
479,0.4866094,1.4383289813995361,[0.13227332]
480,0.4866094,1.4368529319763184,[0.13227332]
481,0.5172415,1.4090418815612793,[0.13067156]
482,0.5172415,1.4976136684417725,[0.13067156]
483,0.5172415,1.256145715713501,[0.13067156]
484,0.5172415,1.2885115146636963,[0.13067156]
485,0.5172415,1.4866328239440918,[0.13067156]
486,0.5172415,1.2953684329986572,[0.13067156]
487,0.5172415,1.2871859073638916,[0.13067156]
488,0.5172415,1.28721284866333,[0.13067156]
489,0.5172415,1.28733229637146,[0.13067156]
490,0.5172415,1.2724452018737793,[0.13067156]
491,0.5172415,1.2875516414642334,[0.13067156]
492,0.5172415,1.2942488193511963,[0.13067156]
493,0.5172415,1.2795562744140625,[0.13067156]
494,0.5172415,1.2486438751220703,[0.13067156]
495,0.5172415,1.2777481079101562,[0.13067156]
496,0.5172415,1.2978341579437256,[0.13067156]
497,0.5172415,1.2654640674591064,[0.13067156]
498,0.5172415,1.2282767295837402,[0.13067156]
499,0.5172415,1.2682254314422607,[0.13067156]
500,0.5172415,1.2270886898040771,[0.13067156]
501,0.5172415,1.270338773727417,[0.13067156]
502,0.5172415,1.215198278427124,[0.13067156]
503,0.5172415,1.2550601959228516,[0.13067156]
504,0.5172415,1.2800343036651611,[0.13067156]
505,0.5172415,1.2348260879516602,[0.13067156]
506,0.5172415,1.4440929889678955,[0.13067156]
507,0.5172415,1.2586274147033691,[0.13067156]
508,0.5172415,1.4374713897705078,[0.13067156]
509,0.5172415,3.6528680324554443,[0.13067156]
510,0.5172415,1.2768731117248535,[0.13067156]
511,0.5172415,1.456855058670044,[0.13067156]
512,0.5172415,1.2903778553009033,[0.13067156]
513,0.5172415,1.2558860778808594,[0.13067156]
514,0.5172415,1.2661316394805908,[0.13067156]
515,0.5172415,1.2414600849151611,[0.13067156]
516,0.5172415,1.2160289287567139,[0.13067156]
517,0.5172415,1.291144609451294,[0.13067156]
518,0.5172415,1.2903950214385986,[0.13067156]
519,0.5172415,1.3011376857757568,[0.13067156]
520,0.5172415,1.2586123943328857,[0.13067156]
521,0.5172415,1.2752087116241455,[0.13067156]
522,0.5172415,1.290879249572754,[0.13067156]
523,0.5172415,1.2852091789245605,[0.13067156]
524,0.5172415,1.2901394367218018,[0.13067156]
525,0.5172415,1.2652904987335205,[0.13067156]
526,0.5172415,1.384734869003296,[0.13067156]
527,0.5172415,1.354156732559204,[0.13067156]
528,0.5172415,1.3855340480804443,[0.13067156]
529,0.5172415,1.347224473953247,[0.13067156]
530,0.5172415,1.225748062133789,[0.13067156]
531,0.5172415,1.2120378017425537,[0.13067156]
532,0.5172415,1.288863182067871,[0.13067156]
533,0.5172415,1.311105728149414,[0.13067156]
534,0.5172415,1.2681443691253662,[0.13067156]
535,0.5172415,1.279468297958374,[0.13067156]
536,0.5172415,1.2508466243743896,[0.13067156]
537,0.5172415,1.2822108268737793,[0.13067156]
538,0.5172415,1.4373693466186523,[0.13067156]
539,0.5172415,1.296034336090088,[0.13067156]
540,0.5172415,1.2569725513458252,[0.13067156]
541,0.5172415,1.2612385749816895,[0.13067156]
542,0.5172415,1.4068701267242432,[0.13067156]
543,0.5172415,1.2821831703186035,[0.13067156]
544,0.5172415,1.4227991104125977,[0.13067156]
545,0.5172415,1.2495694160461426,[0.13067156]
546,0.5172415,1.3699748516082764,[0.13067156]
547,0.5172415,1.269798994064331,[0.13067156]
548,0.5172415,1.304215669631958,[0.13067156]
549,0.5172415,1.3154315948486328,[0.13067156]
550,0.5172415,1.4561944007873535,[0.13067156]
551,0.5172415,1.4591424465179443,[0.13067156]
552,0.5172415,1.292417049407959,[0.13067156]
553,0.5172415,1.2679097652435303,[0.13067156]
554,0.5172415,1.2642385959625244,[0.13067156]
555,0.5172415,1.2444298267364502,[0.13067156]
556,0.5172415,1.224381446838379,[0.13067156]
557,0.5172415,1.2406973838806152,[0.13067156]
558,0.5172415,1.4327466487884521,[0.13067156]
559,0.5172415,1.309149980545044,[0.13067156]
560,0.5172415,1.4592297077178955,[0.13067156]
561,0.5172415,1.420300006866455,[0.13067156]
562,0.5172415,1.2287755012512207,[0.13067156]
563,0.5172415,1.2602856159210205,[0.13067156]
564,0.5172415,1.3850634098052979,[0.13067156]
565,0.5172415,1.2382559776306152,[0.13067156]
566,0.5172415,1.2785720825195312,[0.13067156]
567,0.5172415,1.4519941806793213,[0.13067156]
568,0.5172415,1.268247127532959,[0.13067156]
569,0.6231607,1.2894010543823242,[0.36610073]
570,0.6231607,1.3096396923065186,[0.36610073]
571,0.6231607,1.4587476253509521,[0.36610073]
572,0.6231607,1.2852416038513184,[0.36610073]
573,0.6231607,1.2720370292663574,[0.36610073]
574,0.6231607,1.4931139945983887,[0.36610073]
575,0.6231607,1.274806261062622,[0.36610073]
576,0.6231607,1.6696593761444092,[0.36610073]
577,0.6231607,1.4039385318756104,[0.36610073]
578,0.6231607,1.421410083770752,[0.36610073]
579,0.6231607,1.2607777118682861,[0.36610073]
580,0.6231607,1.2645330429077148,[0.36610073]
581,0.6231607,1.2723188400268555,[0.36610073]
582,0.6231607,1.4758992195129395,[0.36610073]
583,0.6231607,1.3010919094085693,[0.36610073]
584,0.6231607,1.3277463912963867,[0.36610073]
585,0.6231607,1.3356940746307373,[0.36610073]
586,0.6231607,1.4677870273590088,[0.36610073]
587,0.6441573,1.2802560329437256,[0.37129128]
588,0.6441573,1.27821683883667,[0.37129128]
589,0.6441573,1.2637484073638916,[0.37129128]
590,0.6441573,1.2762181758880615,[0.37129128]
591,0.6441573,1.3192365169525146,[0.37129128]
592,0.6441573,1.3289649486541748,[0.37129128]
593,0.6441573,1.3338491916656494,[0.37129128]
594,0.6441573,1.3129963874816895,[0.37129128]
595,0.6441573,1.473440408706665,[0.37129128]
596,0.6441573,1.4738762378692627,[0.37129128]
597,0.6441573,1.3338947296142578,[0.37129128]
598,0.6441573,1.6226234436035156,[0.37129128]
599,0.6441573,1.2516579627990723,[0.37129128]
600,0.6441573,1.2510643005371094,[0.37129128]
601,0.6441573,3.4691879749298096,[0.37129128]
602,0.6441573,1.2524876594543457,[0.37129128]
603,0.6441573,1.2763569355010986,[0.37129128]
604,0.6441573,1.2391371726989746,[0.37129128]
605,0.6441573,1.3851654529571533,[0.37129128]
606,0.6441573,1.237717628479004,[0.37129128]
607,0.6441573,1.2467727661132812,[0.37129128]
608,0.6441573,1.260826826095581,[0.37129128]
609,0.6441573,1.267376184463501,[0.37129128]
610,0.6441573,1.2649667263031006,[0.37129128]
611,0.6441573,1.2480008602142334,[0.37129128]
612,0.6441573,1.3867778778076172,[0.37129128]
613,0.6441573,1.3865575790405273,[0.37129128]
614,0.6441573,1.3651618957519531,[0.37129128]
615,0.6441573,1.3989019393920898,[0.37129128]
616,0.6441573,1.2574114799499512,[0.37129128]
617,0.6441573,1.4841771125793457,[0.37129128]
618,0.6441573,1.220489501953125,[0.37129128]
619,0.6441573,1.3884477615356445,[0.37129128]
620,0.6441573,1.2528841495513916,[0.37129128]
621,0.6441573,1.2782666683197021,[0.37129128]
622,0.6441573,1.2576892375946045,[0.37129128]
623,0.6441573,1.3689441680908203,[0.37129128]
624,0.6441573,1.2499573230743408,[0.37129128]
625,0.6441573,1.284423589706421,[0.37129128]
626,0.6441573,1.24993896484375,[0.37129128]
627,0.6441573,1.2632720470428467,[0.37129128]
628,0.6441573,1.2697441577911377,[0.37129128]
629,0.6441573,1.2825913429260254,[0.37129128]
630,0.6441573,1.5640223026275635,[0.37129128]
631,0.6441573,1.4477334022521973,[0.37129128]
632,0.6441573,1.3202197551727295,[0.37129128]
633,0.6441573,1.2953879833221436,[0.37129128]
634,0.6441573,1.6410083770751953,[0.37129128]
635,0.6441573,1.2153992652893066,[0.37129128]
636,0.6441573,1.4019429683685303,[0.37129128]
637,0.6441573,1.4352409839630127,[0.37129128]
638,0.6441573,1.3018088340759277,[0.37129128]
639,0.6441573,1.468564748764038,[0.37129128]
640,0.6441573,1.2856991291046143,[0.37129128]
641,0.6441573,1.3034090995788574,[0.37129128]
642,0.6441573,1.3927969932556152,[0.37129128]
643,0.6441573,1.5609056949615479,[0.37129128]
644,0.6441573,1.4204862117767334,[0.37129128]
645,0.6441573,1.291762351989746,[0.37129128]
646,0.6441573,1.2791316509246826,[0.37129128]
647,0.6441573,1.282088041305542,[0.37129128]
648,0.6441573,1.4775488376617432,[0.37129128]
649,0.6441573,1.4391155242919922,[0.37129128]
650,0.6441573,1.5802643299102783,[0.37129128]
651,0.6441573,1.4762558937072754,[0.37129128]
652,0.6441573,1.4557416439056396,[0.37129128]
653,0.6441573,1.2919058799743652,[0.37129128]
654,0.6441573,1.2704799175262451,[0.37129128]
655,0.6441573,1.2259278297424316,[0.37129128]
656,0.6441573,1.264021396636963,[0.37129128]
657,0.6441573,1.2740063667297363,[0.37129128]
658,0.6441573,1.2536711692810059,[0.37129128]
659,0.6441573,1.4041690826416016,[0.37129128]
660,0.6441573,1.283557415008545,[0.37129128]
661,0.6441573,1.2481117248535156,[0.37129128]
662,0.6441573,1.3719077110290527,[0.37129128]
663,0.6441573,1.269592523574829,[0.37129128]
664,0.6441573,1.2629153728485107,[0.37129128]
665,0.6441573,1.3536098003387451,[0.37129128]
666,0.6441573,1.392749547958374,[0.37129128]
667,0.6441573,1.2712945938110352,[0.37129128]
668,0.6441573,1.2610836029052734,[0.37129128]
669,0.6441573,1.432295322418213,[0.37129128]
670,0.6441573,1.306248426437378,[0.37129128]
671,0.6441573,1.3229761123657227,[0.37129128]
672,0.6441573,1.319758653640747,[0.37129128]
673,0.6441573,1.3220725059509277,[0.37129128]
674,0.6441573,1.4840891361236572,[0.37129128]
675,0.6441573,1.4818446636199951,[0.37129128]
676,0.6441573,1.2947540283203125,[0.37129128]
677,0.6441573,1.2517294883728027,[0.37129128]
678,0.6441573,1.4183201789855957,[0.37129128]
679,0.6441573,1.449404239654541,[0.37129128]
680,0.6441573,1.2951600551605225,[0.37129128]
681,0.6441573,1.2971253395080566,[0.37129128]
682,0.6441573,1.3035826683044434,[0.37129128]
683,0.6441573,1.4678633213043213,[0.37129128]
684,0.6441573,1.2412080764770508,[0.37129128]
685,0.6441573,1.536086082458496,[0.37129128]
686,0.6441573,1.2327558994293213,[0.37129128]
687,0.6441573,1.2718327045440674,[0.37129128]
688,0.6441573,1.2926409244537354,[0.37129128]
689,0.6441573,1.4054827690124512,[0.37129128]
690,0.6441573,1.4688310623168945,[0.37129128]
691,0.6441573,1.2817175388336182,[0.37129128]
692,0.6441573,1.6045606136322021,[0.37129128]
693,0.6441573,3.4561243057250977,[0.37129128]
694,0.6441573,1.2782394886016846,[0.37129128]
695,0.6441573,1.399756669998169,[0.37129128]
696,0.6441573,1.2544176578521729,[0.37129128]
697,0.6441573,1.2658343315124512,[0.37129128]
698,0.6441573,1.3069586753845215,[0.37129128]
699,0.6441573,1.402513027191162,[0.37129128]
700,0.6441573,1.2370061874389648,[0.37129128]
701,0.6441573,1.2795064449310303,[0.37129128]
702,0.6441573,1.2835845947265625,[0.37129128]
703,0.6441573,1.2103452682495117,[0.37129128]
704,0.6441573,1.205005407333374,[0.37129128]
705,0.6441573,1.31248140335083,[0.37129128]
706,0.6441573,1.4703047275543213,[0.37129128]
707,0.6441573,1.2891793251037598,[0.37129128]
708,0.6441573,1.437713623046875,[0.37129128]
709,0.6441573,1.2417495250701904,[0.37129128]
710,0.6441573,1.3592960834503174,[0.37129128]
711,0.6441573,1.4139180183410645,[0.37129128]
712,0.6441573,1.4741015434265137,[0.37129128]
713,0.6441573,1.2949354648590088,[0.37129128]
714,0.6441573,1.2604153156280518,[0.37129128]
715,0.6441573,1.2901558876037598,[0.37129128]
716,0.6441573,1.4528453350067139,[0.37129128]
717,0.6441573,1.4520173072814941,[0.37129128]
718,0.6441573,1.4620954990386963,[0.37129128]
719,0.6441573,1.4834203720092773,[0.37129128]
720,0.6441573,1.456249475479126,[0.37129128]
721,0.6441573,1.2910664081573486,[0.37129128]
722,0.6441573,1.2787201404571533,[0.37129128]
723,0.6441573,1.2368173599243164,[0.37129128]
724,0.6441573,1.2408921718597412,[0.37129128]
725,0.6441573,1.2802467346191406,[0.37129128]
726,0.6441573,1.3976714611053467,[0.37129128]
727,0.6441573,1.288729190826416,[0.37129128]
728,0.6441573,1.2827045917510986,[0.37129128]
729,0.6441573,1.4770057201385498,[0.37129128]
730,0.6441573,1.2993972301483154,[0.37129128]
731,0.6441573,1.2973990440368652,[0.37129128]
732,0.6441573,1.29414963722229,[0.37129128]
733,0.6441573,1.5077893733978271,[0.37129128]
734,0.6441573,1.385890245437622,[0.37129128]
735,0.6441573,1.2011020183563232,[0.37129128]
736,0.6441573,1.2510600090026855,[0.37129128]
737,0.6441573,1.2957420349121094,[0.37129128]
738,0.6441573,1.2287054061889648,[0.37129128]
739,0.6441573,1.2722716331481934,[0.37129128]
740,0.6441573,1.2817223072052002,[0.37129128]
741,0.6441573,1.2894470691680908,[0.37129128]
742,0.6441573,1.2577588558197021,[0.37129128]
743,0.6441573,1.2703421115875244,[0.37129128]
744,0.6441573,1.3095765113830566,[0.37129128]
745,0.6441573,1.3186936378479004,[0.37129128]
746,0.6441573,1.2706263065338135,[0.37129128]
747,0.6441573,1.2556886672973633,[0.37129128]
748,0.6441573,1.2835586071014404,[0.37129128]
749,0.6441573,1.296924114227295,[0.37129128]
750,0.6441573,1.308807611465454,[0.37129128]
751,0.6441573,1.2772276401519775,[0.37129128]
752,0.6441573,1.2986459732055664,[0.37129128]
753,0.6441573,1.483900547027588,[0.37129128]
754,0.6441573,1.283493995666504,[0.37129128]
755,0.6441573,1.3147258758544922,[0.37129128]
756,0.6441573,1.3005013465881348,[0.37129128]
757,0.6441573,1.3311057090759277,[0.37129128]
758,0.6441573,1.3189566135406494,[0.37129128]
759,0.6441573,1.3159868717193604,[0.37129128]
760,0.6441573,1.3071835041046143,[0.37129128]
761,0.6441573,1.2964403629302979,[0.37129128]
762,0.6441573,1.3155517578125,[0.37129128]
763,0.6441573,1.3037261962890625,[0.37129128]
764,0.6441573,1.3230619430541992,[0.37129128]
765,0.6441573,1.3141405582427979,[0.37129128]
766,0.6441573,1.6685044765472412,[0.37129128]
767,0.6441573,1.4977362155914307,[0.37129128]
768,0.6441573,1.4330613613128662,[0.37129128]
769,0.6441573,1.4187300205230713,[0.37129128]
770,0.6441573,1.408839225769043,[0.37129128]
771,0.6441573,1.2985787391662598,[0.37129128]
772,0.6441573,1.3021371364593506,[0.37129128]
773,0.6441573,1.3099560737609863,[0.37129128]
774,0.6441573,1.3107638359069824,[0.37129128]
775,0.6441573,1.4831056594848633,[0.37129128]
776,0.6441573,1.2938652038574219,[0.37129128]
777,0.6441573,1.2742688655853271,[0.37129128]
778,0.6441573,1.3889877796173096,[0.37129128]
779,0.6441573,1.273589849472046,[0.37129128]
780,0.6441573,1.280827522277832,[0.37129128]
781,0.6441573,1.4162383079528809,[0.37129128]
782,0.6441573,1.5548264980316162,[0.37129128]
783,0.6441573,1.2992627620697021,[0.37129128]
784,0.6441573,3.5199129581451416,[0.37129128]
785,0.6441573,1.4500482082366943,[0.37129128]
786,0.6441573,1.5028488636016846,[0.37129128]
787,0.6441573,1.4114208221435547,[0.37129128]
788,0.6441573,1.3619489669799805,[0.37129128]
789,0.6441573,1.5194642543792725,[0.37129128]
790,0.6441573,1.3305888175964355,[0.37129128]
791,0.6441573,1.3834311962127686,[0.37129128]
792,0.6441573,1.4642488956451416,[0.37129128]
793,0.6441573,1.3051800727844238,[0.37129128]
794,0.6441573,1.4922070503234863,[0.37129128]
795,0.6441573,1.649618148803711,[0.37129128]
796,0.6441573,1.306297779083252,[0.37129128]
797,0.6441573,1.4337563514709473,[0.37129128]
798,0.6441573,1.4164414405822754,[0.37129128]
799,0.6441573,1.5135478973388672,[0.37129128]
800,0.6441573,1.388399600982666,[0.37129128]
801,0.6441573,1.64231276512146,[0.37129128]
802,0.6441573,1.5823547840118408,[0.37129128]
803,0.6441573,1.4923477172851562,[0.37129128]
804,0.6441573,1.4792907238006592,[0.37129128]
805,0.6441573,1.6514971256256104,[0.37129128]
806,0.6441573,1.4204843044281006,[0.37129128]
807,0.6441573,1.6847729682922363,[0.37129128]
808,0.6441573,1.5420610904693604,[0.37129128]
809,0.6441573,1.5565059185028076,[0.37129128]
810,0.6441573,1.319728136062622,[0.37129128]
811,0.6441573,1.3032212257385254,[0.37129128]
812,0.6441573,1.44987154006958,[0.37129128]
813,0.6441573,1.274294376373291,[0.37129128]
814,0.6441573,1.2671852111816406,[0.37129128]
815,0.6441573,1.3053617477416992,[0.37129128]
816,0.6441573,1.6482844352722168,[0.37129128]
817,0.6441573,1.4460084438323975,[0.37129128]
818,0.6441573,1.2860653400421143,[0.37129128]
819,0.6441573,1.4707682132720947,[0.37129128]
820,0.6441573,1.4456067085266113,[0.37129128]
821,0.6441573,1.490351915359497,[0.37129128]
822,0.6441573,1.5199596881866455,[0.37129128]
823,0.6441573,1.4119329452514648,[0.37129128]
824,0.6441573,1.4521284103393555,[0.37129128]
825,0.6441573,1.3678553104400635,[0.37129128]
826,0.6441573,1.460226058959961,[0.37129128]
827,0.6441573,1.6646301746368408,[0.37129128]
828,0.6441573,1.4339430332183838,[0.37129128]
829,0.6441573,1.446824073791504,[0.37129128]
830,0.6441573,1.2598843574523926,[0.37129128]
831,0.6441573,1.3828887939453125,[0.37129128]
832,0.6441573,1.285102128982544,[0.37129128]
833,0.6441573,1.4854767322540283,[0.37129128]
834,0.6441573,1.438863754272461,[0.37129128]
835,0.6441573,1.3812403678894043,[0.37129128]
836,0.6441573,1.233964204788208,[0.37129128]
837,0.6441573,1.3690228462219238,[0.37129128]
838,0.6441573,1.2678120136260986,[0.37129128]
839,0.6441573,1.279123067855835,[0.37129128]
840,0.6441573,1.408198356628418,[0.37129128]
841,0.6441573,1.2665040493011475,[0.37129128]
842,0.6441573,1.2880964279174805,[0.37129128]
843,0.6441573,1.5037126541137695,[0.37129128]
844,0.6441573,1.3184270858764648,[0.37129128]
845,0.6441573,1.321582317352295,[0.37129128]
846,0.6441573,1.3035001754760742,[0.37129128]
847,0.6441573,1.3156569004058838,[0.37129128]
848,0.6441573,1.432251214981079,[0.37129128]
849,0.6441573,1.4251322746276855,[0.37129128]
850,0.6441573,1.4159209728240967,[0.37129128]
851,0.6441573,1.4490139484405518,[0.37129128]
852,0.6441573,1.3333985805511475,[0.37129128]
853,0.6441573,1.3194670677185059,[0.37129128]
854,0.6441573,1.4765210151672363,[0.37129128]
855,0.6441573,1.4359221458435059,[0.37129128]
856,0.6441573,1.4360506534576416,[0.37129128]
857,0.6441573,1.3140270709991455,[0.37129128]
858,0.6441573,1.3182165622711182,[0.37129128]
859,0.6441573,1.4933407306671143,[0.37129128]
860,0.6441573,1.4139988422393799,[0.37129128]
861,0.6441573,1.258270025253296,[0.37129128]
862,0.6441573,1.2703030109405518,[0.37129128]
863,0.6441573,1.4499731063842773,[0.37129128]
864,0.6441573,1.4999768733978271,[0.37129128]
865,0.6441573,1.3179187774658203,[0.37129128]
866,0.6441573,1.3244447708129883,[0.37129128]
867,0.6441573,1.3412227630615234,[0.37129128]
868,0.6441573,1.4702467918395996,[0.37129128]
869,0.6441573,1.2602252960205078,[0.37129128]
870,0.6441573,1.2511582374572754,[0.37129128]
871,0.6441573,1.2668476104736328,[0.37129128]
872,0.6441573,1.281367540359497,[0.37129128]
873,0.6441573,1.3042097091674805,[0.37129128]
874,0.6441573,1.2381205558776855,[0.37129128]
875,0.6441573,1.4019291400909424,[0.37129128]
876,0.6441573,3.5171427726745605,[0.37129128]
877,0.6441573,1.298790454864502,[0.37129128]
878,0.6441573,1.303339958190918,[0.37129128]
879,0.6441573,1.2723991870880127,[0.37129128]
880,0.6441573,1.2665667533874512,[0.37129128]
881,0.6441573,1.2961909770965576,[0.37129128]
882,0.6441573,1.2708592414855957,[0.37129128]
883,0.64818215,1.283329963684082,[0.39810938]
884,0.64818215,1.3266606330871582,[0.39810938]
885,0.64818215,1.3257427215576172,[0.39810938]
886,0.64818215,1.6678879261016846,[0.39810938]
887,0.64818215,1.614811897277832,[0.39810938]
888,0.64818215,1.2696704864501953,[0.39810938]
889,0.64818215,1.3018982410430908,[0.39810938]
890,0.64818215,1.4643564224243164,[0.39810938]
891,0.64818215,1.313621997833252,[0.39810938]
892,0.64818215,1.2777817249298096,[0.39810938]
893,0.64818215,1.2841851711273193,[0.39810938]
894,0.64818215,1.2990212440490723,[0.39810938]
895,0.64818215,1.6249539852142334,[0.39810938]
896,0.64818215,1.2660439014434814,[0.39810938]
897,0.64818215,1.388711929321289,[0.39810938]
898,0.64818215,1.2950785160064697,[0.39810938]
899,0.64818215,1.4309906959533691,[0.39810938]
900,0.64818215,1.3057260513305664,[0.39810938]
901,0.64818215,1.4701929092407227,[0.39810938]
902,0.64818215,1.285736322402954,[0.39810938]
903,0.64818215,1.2936828136444092,[0.39810938]
904,0.64818215,1.3850443363189697,[0.39810938]
905,0.64818215,1.4151439666748047,[0.39810938]
906,0.64818215,1.404494047164917,[0.39810938]
907,0.64818215,1.6209971904754639,[0.39810938]
908,0.64818215,1.2457184791564941,[0.39810938]
909,0.64818215,1.2650835514068604,[0.39810938]
910,0.64818215,1.4041259288787842,[0.39810938]
911,0.64818215,1.4246411323547363,[0.39810938]
912,0.64818215,1.489701509475708,[0.39810938]
913,0.64818215,1.4907326698303223,[0.39810938]
914,0.64818215,1.45245361328125,[0.39810938]
915,0.64818215,1.3937242031097412,[0.39810938]
916,0.64818215,1.6642165184020996,[0.39810938]
917,0.64818215,1.4357120990753174,[0.39810938]
918,0.64818215,1.482466697692871,[0.39810938]
919,0.64818215,1.4757192134857178,[0.39810938]
920,0.64818215,1.3094193935394287,[0.39810938]
921,0.64818215,1.4816350936889648,[0.39810938]
922,0.64818215,1.472273588180542,[0.39810938]
923,0.64818215,1.2890779972076416,[0.39810938]
924,0.64818215,1.25913667678833,[0.39810938]
925,0.64818215,1.3855993747711182,[0.39810938]
926,0.64818215,1.3873732089996338,[0.39810938]
927,0.64818215,1.5854384899139404,[0.39810938]
928,0.64818215,1.3204987049102783,[0.39810938]
929,0.64818215,1.4109077453613281,[0.39810938]
930,0.64818215,1.445336103439331,[0.39810938]
931,0.64818215,1.4649088382720947,[0.39810938]
932,0.64818215,1.4465694427490234,[0.39810938]
933,0.64818215,1.5558547973632812,[0.39810938]
934,0.64818215,1.2905383110046387,[0.39810938]
935,0.64818215,1.423858880996704,[0.39810938]
936,0.64818215,1.4613256454467773,[0.39810938]
937,0.64818215,1.2960152626037598,[0.39810938]
938,0.64818215,1.3112192153930664,[0.39810938]
939,0.64818215,1.4632244110107422,[0.39810938]
940,0.64818215,1.2920417785644531,[0.39810938]
941,0.64818215,1.2518281936645508,[0.39810938]
942,0.64818215,1.4110455513000488,[0.39810938]
943,0.64818215,1.4134676456451416,[0.39810938]
944,0.64818215,1.3003878593444824,[0.39810938]
945,0.64818215,1.2970750331878662,[0.39810938]
946,0.64818215,1.2659480571746826,[0.39810938]
947,0.64818215,1.3052222728729248,[0.39810938]
948,0.64818215,1.280973196029663,[0.39810938]
949,0.64818215,1.3042702674865723,[0.39810938]
950,0.64818215,1.2955734729766846,[0.39810938]
951,0.64818215,1.2870452404022217,[0.39810938]
952,0.64818215,1.2976012229919434,[0.39810938]
953,0.64818215,1.6515166759490967,[0.39810938]
954,0.64818215,1.377140760421753,[0.39810938]
955,0.64818215,1.3423738479614258,[0.39810938]
956,0.64818215,1.2684822082519531,[0.39810938]
957,0.64818215,1.287207841873169,[0.39810938]
958,0.64818215,1.2506535053253174,[0.39810938]
959,0.64818215,1.3576831817626953,[0.39810938]
960,0.64818215,1.2372043132781982,[0.39810938]
961,0.64818215,1.44102144241333,[0.39810938]
962,0.64818215,1.501272201538086,[0.39810938]
963,0.64818215,1.436936855316162,[0.39810938]
964,0.64818215,1.2847328186035156,[0.39810938]
965,0.64818215,1.3118984699249268,[0.39810938]
966,0.64818215,1.4732887744903564,[0.39810938]
967,0.64818215,3.5465025901794434,[0.39810938]
968,0.64818215,1.4182937145233154,[0.39810938]
969,0.64818215,1.264610767364502,[0.39810938]
970,0.64818215,1.2756648063659668,[0.39810938]
971,0.64818215,1.425178050994873,[0.39810938]
972,0.64818215,1.3989207744598389,[0.39810938]
973,0.64818215,1.410064458847046,[0.39810938]
974,0.64818215,1.4285075664520264,[0.39810938]
975,0.64818215,1.3032395839691162,[0.39810938]
976,0.64818215,1.2962369918823242,[0.39810938]
977,0.64818215,1.4733319282531738,[0.39810938]
978,0.64818215,1.312370777130127,[0.39810938]
979,0.64818215,1.6611146926879883,[0.39810938]
980,0.64818215,1.6728301048278809,[0.39810938]
981,0.64818215,1.4111592769622803,[0.39810938]
982,0.64818215,1.2376186847686768,[0.39810938]
983,0.64818215,1.3711161613464355,[0.39810938]
984,0.64818215,1.247950553894043,[0.39810938]
985,0.64818215,1.565314769744873,[0.39810938]
986,0.64818215,1.4505822658538818,[0.39810938]
987,0.64818215,1.486551284790039,[0.39810938]
988,0.64818215,1.460273265838623,[0.39810938]
989,0.64818215,1.3632762432098389,[0.39810938]
990,0.64818215,1.4411070346832275,[0.39810938]
991,0.64818215,1.3168423175811768,[0.39810938]
992,0.64818215,1.4480059146881104,[0.39810938]
993,0.64818215,1.4276654720306396,[0.39810938]
994,0.64818215,1.4664044380187988,[0.39810938]
995,0.64818215,1.3247511386871338,[0.39810938]
996,0.64818215,1.4923951625823975,[0.39810938]
997,0.64818215,1.3273553848266602,[0.39810938]
998,0.64818215,1.310511827468872,[0.39810938]
999,0.64818215,1.4622511863708496,[0.39810938]
1000,0.64818215,1.3033673763275146,[0.39810938]
1001,0.64818215,1.3228576183319092,[0.39810938]
1002,0.64818215,1.316840648651123,[0.39810938]
1003,0.64818215,1.468773365020752,[0.39810938]
1004,0.64818215,1.293776273727417,[0.39810938]
1005,0.64818215,1.318434715270996,[0.39810938]
1006,0.64818215,1.3088953495025635,[0.39810938]
1007,0.64818215,1.3112475872039795,[0.39810938]
1008,0.64818215,1.2889151573181152,[0.39810938]
1009,0.64818215,1.321126937866211,[0.39810938]
1010,0.64818215,1.4703383445739746,[0.39810938]
1011,0.64818215,1.4215919971466064,[0.39810938]
1012,0.64818215,1.6683259010314941,[0.39810938]
1013,0.64818215,1.4795832633972168,[0.39810938]
1014,0.64818215,1.2746553421020508,[0.39810938]
1015,0.64818215,1.279397964477539,[0.39810938]
1016,0.64818215,1.2926499843597412,[0.39810938]
1017,0.64818215,1.4502556324005127,[0.39810938]
1018,0.64818215,1.2839455604553223,[0.39810938]
1019,0.64818215,1.4561562538146973,[0.39810938]
1020,0.64818215,1.4742133617401123,[0.39810938]
1021,0.64818215,1.3024983406066895,[0.39810938]
1022,0.64818215,1.4363069534301758,[0.39810938]
1023,0.64818215,1.391972303390503,[0.39810938]
1024,0.64818215,1.3927226066589355,[0.39810938]
1025,0.64818215,1.3915514945983887,[0.39810938]
1026,0.64818215,1.258420705795288,[0.39810938]
1027,0.64818215,1.3931164741516113,[0.39810938]
1028,0.64818215,1.409026861190796,[0.39810938]
1029,0.64818215,1.4616003036499023,[0.39810938]
1030,0.64818215,1.441871166229248,[0.39810938]
1031,0.64818215,1.4464638233184814,[0.39810938]
1032,0.64818215,1.6587543487548828,[0.39810938]
1033,0.64818215,1.4248743057250977,[0.39810938]
1034,0.64818215,1.4520175457000732,[0.39810938]
1035,0.64818215,1.2841517925262451,[0.39810938]
1036,0.64818215,1.6305828094482422,[0.39810938]
1037,0.64818215,1.274294376373291,[0.39810938]
1038,0.64818215,1.2978553771972656,[0.39810938]
1039,0.64818215,1.4668724536895752,[0.39810938]
1040,0.64818215,1.262993574142456,[0.39810938]
1041,0.64818215,1.2685599327087402,[0.39810938]
1042,0.64818215,1.2760686874389648,[0.39810938]
1043,0.64818215,1.408384084701538,[0.39810938]
1044,0.64818215,1.2153453826904297,[0.39810938]
1045,0.64818215,1.2211647033691406,[0.39810938]
1046,0.64818215,1.2751657962799072,[0.39810938]
1047,0.64818215,1.47591233253479,[0.39810938]
1048,0.64818215,1.4652421474456787,[0.39810938]
1049,0.64818215,1.2978243827819824,[0.39810938]
1050,0.64818215,1.4302926063537598,[0.39810938]
1051,0.64818215,1.3881556987762451,[0.39810938]
1052,0.64818215,1.4140260219573975,[0.39810938]
1053,0.67164755,1.435669183731079,[0.41983104]
1054,0.67164755,1.2992393970489502,[0.41983104]
1055,0.67164755,1.4506444931030273,[0.41983104]
1056,0.67164755,1.2990739345550537,[0.41983104]
1057,0.67164755,1.4113061428070068,[0.41983104]
1058,0.67164755,1.5549066066741943,[0.41983104]
1059,0.67164755,3.5123701095581055,[0.41983104]
1060,0.67164755,1.2887084484100342,[0.41983104]
1061,0.67164755,1.3151650428771973,[0.41983104]
1062,0.67164755,1.489184856414795,[0.41983104]
1063,0.67164755,1.481457233428955,[0.41983104]
1064,0.67164755,1.29844069480896,[0.41983104]
1065,0.67164755,1.3060276508331299,[0.41983104]
1066,0.67164755,1.3841536045074463,[0.41983104]
1067,0.67164755,1.39815354347229,[0.41983104]
1068,0.67164755,1.425069808959961,[0.41983104]
1069,0.67164755,1.2937076091766357,[0.41983104]
1070,0.67164755,1.3078339099884033,[0.41983104]
1071,0.67164755,1.4887151718139648,[0.41983104]
1072,0.67164755,1.3200459480285645,[0.41983104]
1073,0.67164755,1.483165979385376,[0.41983104]
1074,0.67164755,1.6273527145385742,[0.41983104]
1075,0.67164755,1.4733264446258545,[0.41983104]
1076,0.67164755,1.4797184467315674,[0.41983104]
1077,0.67164755,1.3212873935699463,[0.41983104]
1078,0.67164755,1.3163347244262695,[0.41983104]
1079,0.67164755,1.3258998394012451,[0.41983104]
1080,0.67164755,1.3135592937469482,[0.41983104]
1081,0.67164755,1.3051602840423584,[0.41983104]
1082,0.67164755,1.483001947402954,[0.41983104]
1083,0.67164755,1.320587158203125,[0.41983104]
1084,0.67164755,1.581294059753418,[0.41983104]
1085,0.67164755,1.290731430053711,[0.41983104]
1086,0.67164755,1.4623315334320068,[0.41983104]
1087,0.67164755,1.4394588470458984,[0.41983104]
1088,0.67164755,1.2655529975891113,[0.41983104]
1089,0.67164755,1.25337553024292,[0.41983104]
1090,0.67164755,1.422111988067627,[0.41983104]
1091,0.67164755,1.299023151397705,[0.41983104]
1092,0.67164755,1.4449787139892578,[0.41983104]
1093,0.67164755,1.4753997325897217,[0.41983104]
1094,0.67164755,1.362405776977539,[0.41983104]
1095,0.67164755,1.406587839126587,[0.41983104]
1096,0.67164755,1.4834494590759277,[0.41983104]
1097,0.67164755,1.3004493713378906,[0.41983104]
1098,0.67164755,1.4153156280517578,[0.41983104]
1099,0.67164755,1.2549316883087158,[0.41983104]
1100,0.67164755,1.288412094116211,[0.41983104]
1101,0.67164755,1.3238599300384521,[0.41983104]
1102,0.67164755,1.4104104042053223,[0.41983104]
1103,0.67164755,1.2866504192352295,[0.41983104]
1104,0.67164755,1.3145475387573242,[0.41983104]
1105,0.67164755,1.4950590133666992,[0.41983104]
1106,0.67164755,1.277893304824829,[0.41983104]
1107,0.67164755,1.2729182243347168,[0.41983104]
1108,0.67164755,1.3069696426391602,[0.41983104]
1109,0.67164755,1.3194520473480225,[0.41983104]
1110,0.67164755,1.3266990184783936,[0.41983104]
1111,0.67164755,1.4700183868408203,[0.41983104]
1112,0.67164755,1.337963581085205,[0.41983104]
1113,0.67164755,1.3512277603149414,[0.41983104]
1114,0.67164755,1.3460073471069336,[0.41983104]
1115,0.67164755,1.5191619396209717,[0.41983104]
1116,0.67164755,1.2998809814453125,[0.41983104]
1117,0.67164755,1.3067851066589355,[0.41983104]
1118,0.67164755,1.3061368465423584,[0.41983104]
1119,0.67164755,1.4149773120880127,[0.41983104]
1120,0.67164755,1.2463386058807373,[0.41983104]
1121,0.67164755,1.231569766998291,[0.41983104]
1122,0.67164755,1.3353276252746582,[0.41983104]
1123,0.67164755,1.423945426940918,[0.41983104]
1124,0.67164755,1.4643125534057617,[0.41983104]
1125,0.67164755,1.294053077697754,[0.41983104]
1126,0.67164755,1.5771067142486572,[0.41983104]
1127,0.67164755,1.3650760650634766,[0.41983104]
1128,0.67164755,1.3718950748443604,[0.41983104]
1129,0.67164755,1.409487009048462,[0.41983104]
1130,0.67164755,1.4397368431091309,[0.41983104]
1131,0.67164755,1.2648215293884277,[0.41983104]
1132,0.67164755,1.2724103927612305,[0.41983104]
1133,0.67164755,1.3825199604034424,[0.41983104]
1134,0.67164755,1.266916275024414,[0.41983104]
1135,0.67164755,1.3021376132965088,[0.41983104]
1136,0.67164755,1.4399006366729736,[0.41983104]
1137,0.67164755,1.3079774379730225,[0.41983104]
1138,0.67164755,1.3045244216918945,[0.41983104]
1139,0.67164755,1.4791383743286133,[0.41983104]
1140,0.67164755,1.2943542003631592,[0.41983104]
1141,0.67164755,1.4388041496276855,[0.41983104]
1142,0.67164755,1.2550015449523926,[0.41983104]
1143,0.67164755,1.4257941246032715,[0.41983104]
1144,0.67164755,1.482753038406372,[0.41983104]
1145,0.67164755,1.3092479705810547,[0.41983104]
1146,0.67164755,1.3135883808135986,[0.41983104]
1147,0.67164755,1.491058349609375,[0.41983104]
1148,0.67164755,1.277130126953125,[0.41983104]
1149,0.67164755,1.3622493743896484,[0.41983104]
1150,0.67164755,3.5180411338806152,[0.41983104]
1151,0.67164755,1.3052246570587158,[0.41983104]
1152,0.67164755,1.3456411361694336,[0.41983104]
1153,0.67164755,1.450991153717041,[0.41983104]
1154,0.67164755,1.297973394393921,[0.41983104]
1155,0.67164755,1.3181426525115967,[0.41983104]
1156,0.67164755,1.3128373622894287,[0.41983104]
1157,0.67164755,1.4782557487487793,[0.41983104]
1158,0.67164755,1.2836766242980957,[0.41983104]
1159,0.67164755,1.469517707824707,[0.41983104]
1160,0.67164755,1.463700771331787,[0.41983104]
1161,0.67164755,1.6473307609558105,[0.41983104]
1162,0.67164755,1.2730379104614258,[0.41983104]
1163,0.67164755,1.2823302745819092,[0.41983104]
1164,0.67164755,1.3952515125274658,[0.41983104]
1165,0.67164755,1.2980303764343262,[0.41983104]
1166,0.67164755,1.2717409133911133,[0.41983104]
1167,0.67164755,1.4596006870269775,[0.41983104]
1168,0.67164755,1.4538209438323975,[0.41983104]
1169,0.67164755,1.5644361972808838,[0.41983104]
1170,0.67164755,1.2655391693115234,[0.41983104]
1171,0.67164755,1.3321328163146973,[0.41983104]
1172,0.67164755,1.3112177848815918,[0.41983104]
1173,0.67164755,1.3072948455810547,[0.41983104]
1174,0.67164755,1.3002614974975586,[0.41983104]
1175,0.67164755,1.6816065311431885,[0.41983104]
1176,0.67164755,1.4707307815551758,[0.41983104]
1177,0.67164755,1.3139491081237793,[0.41983104]
1178,0.67164755,1.619441270828247,[0.41983104]
1179,0.67164755,1.253812313079834,[0.41983104]
1180,0.67164755,1.4021453857421875,[0.41983104]
1181,0.67164755,1.2943916320800781,[0.41983104]
1182,0.67164755,1.464508056640625,[0.41983104]
1183,0.67164755,1.3131921291351318,[0.41983104]
1184,0.67164755,1.6465327739715576,[0.41983104]
1185,0.67164755,1.3065152168273926,[0.41983104]
1186,0.67164755,1.268197774887085,[0.41983104]
1187,0.67164755,1.4177260398864746,[0.41983104]
1188,0.67164755,1.6295642852783203,[0.41983104]
1189,0.67164755,1.264815330505371,[0.41983104]
1190,0.67164755,1.2639012336730957,[0.41983104]
1191,0.67164755,1.2873690128326416,[0.41983104]
1192,0.67164755,1.4436945915222168,[0.41983104]
1193,0.67164755,1.484952688217163,[0.41983104]
1194,0.67164755,1.6631722450256348,[0.41983104]
1195,0.67164755,1.4606568813323975,[0.41983104]
1196,0.67164755,1.4755194187164307,[0.41983104]
1197,0.67164755,1.313654899597168,[0.41983104]
1198,0.67164755,1.300450086593628,[0.41983104]
1199,0.67164755,1.2878592014312744,[0.41983104]
1200,0.67164755,1.2892513275146484,[0.41983104]
1201,0.67164755,1.423762321472168,[0.41983104]
1202,0.67164755,1.2818655967712402,[0.41983104]
1203,0.67164755,1.4648351669311523,[0.41983104]
1204,0.67164755,1.3312621116638184,[0.41983104]
1205,0.7534126,1.5109596252441406,[0.5715327]
1206,0.7776931,1.6251320838928223,[0.6426052]
1207,0.7776931,1.3405637741088867,[0.6426052]
1208,0.7776931,1.6415307521820068,[0.6426052]
1209,0.7776931,1.446786880493164,[0.6426052]
1210,0.7776931,1.2928471565246582,[0.6426052]
1211,0.7776931,1.2475364208221436,[0.6426052]
1212,0.7776931,1.3047947883605957,[0.6426052]
1213,0.7776931,1.279923439025879,[0.6426052]
1214,0.7776931,1.2728588581085205,[0.6426052]
1215,0.7776931,1.4492192268371582,[0.6426052]
1216,0.7776931,1.2785279750823975,[0.6426052]
1217,0.7776931,1.3006467819213867,[0.6426052]
1218,0.7776931,1.2070932388305664,[0.6426052]
1219,0.7776931,1.2176291942596436,[0.6426052]
1220,0.7776931,1.294877052307129,[0.6426052]
1221,0.7776931,1.2584681510925293,[0.6426052]
1222,0.7776931,1.2801132202148438,[0.6426052]
1223,0.7776931,1.303175687789917,[0.6426052]
1224,0.7776931,1.3098115921020508,[0.6426052]
1225,0.7776931,1.3093760013580322,[0.6426052]
1226,0.7776931,1.2799711227416992,[0.6426052]
1227,0.7776931,1.3105969429016113,[0.6426052]
1228,0.7776931,1.3026158809661865,[0.6426052]
1229,0.7776931,1.3327927589416504,[0.6426052]
1230,0.7776931,1.4842407703399658,[0.6426052]
1231,0.7776931,1.290879249572754,[0.6426052]
1232,0.7776931,1.3582253456115723,[0.6426052]
1233,0.7776931,1.2882306575775146,[0.6426052]
1234,0.7776931,1.2608108520507812,[0.6426052]
1235,0.7776931,1.2660260200500488,[0.6426052]
1236,0.7776931,1.2776665687561035,[0.6426052]
1237,0.7776931,1.4564192295074463,[0.6426052]
1238,0.7776931,1.4800450801849365,[0.6426052]
1239,0.7776931,1.3124823570251465,[0.6426052]
1240,0.7776931,1.4549930095672607,[0.6426052]
1241,0.7776931,1.5028412342071533,[0.6426052]
1242,0.7776931,3.523669719696045,[0.6426052]
1243,0.7776931,1.656813383102417,[0.6426052]
1244,0.7776931,1.45347261428833,[0.6426052]
1245,0.7776931,1.48677396774292,[0.6426052]
1246,0.7776931,1.4302854537963867,[0.6426052]
1247,0.7776931,1.3033685684204102,[0.6426052]
1248,0.7776931,1.4400250911712646,[0.6426052]
1249,0.7776931,1.2881286144256592,[0.6426052]
1250,0.7776931,1.2989099025726318,[0.6426052]
1251,0.7776931,1.3116974830627441,[0.6426052]
1252,0.7776931,1.2831652164459229,[0.6426052]
1253,0.7776931,1.4905834197998047,[0.6426052]
1254,0.7776931,1.4280023574829102,[0.6426052]
1255,0.7776931,1.3585889339447021,[0.6426052]
1256,0.7776931,1.293968677520752,[0.6426052]
1257,0.7776931,1.3366880416870117,[0.6426052]
1258,0.7776931,1.487549066543579,[0.6426052]
1259,0.7776931,1.4586520195007324,[0.6426052]
1260,0.7776931,1.4707255363464355,[0.6426052]
1261,0.7776931,1.6309244632720947,[0.6426052]
1262,0.7776931,1.263481855392456,[0.6426052]
1263,0.7776931,1.2880513668060303,[0.6426052]
1264,0.7776931,1.4522850513458252,[0.6426052]
1265,0.7776931,1.6703598499298096,[0.6426052]
1266,0.7776931,1.4771525859832764,[0.6426052]
1267,0.79179454,1.327951431274414,[0.64052075]
1268,0.79179454,1.4803881645202637,[0.64052075]
1269,0.79179454,1.3467507362365723,[0.64052075]
1270,0.79179454,1.3241558074951172,[0.64052075]
1271,0.79179454,1.482830286026001,[0.64052075]
1272,0.79179454,1.2486014366149902,[0.64052075]
1273,0.79179454,1.3132331371307373,[0.64052075]
1274,0.79179454,1.2741200923919678,[0.64052075]
1275,0.79179454,1.4154527187347412,[0.64052075]
1276,0.79179454,1.4351508617401123,[0.64052075]
1277,0.79179454,1.3068580627441406,[0.64052075]
1278,0.79179454,1.3074533939361572,[0.64052075]
1279,0.79179454,1.316225528717041,[0.64052075]
1280,0.79179454,1.3355340957641602,[0.64052075]
1281,0.79179454,1.4902708530426025,[0.64052075]
1282,0.79179454,1.3152143955230713,[0.64052075]
1283,0.79179454,1.2807648181915283,[0.64052075]
1284,0.79179454,1.2599241733551025,[0.64052075]
1285,0.79179454,1.3763327598571777,[0.64052075]
1286,0.79179454,1.2808008193969727,[0.64052075]
1287,0.79179454,1.3340797424316406,[0.64052075]
1288,0.79179454,1.4783833026885986,[0.64052075]
1289,0.79179454,1.3004744052886963,[0.64052075]
1290,0.79179454,1.4413881301879883,[0.64052075]
1291,0.79179454,1.31197190284729,[0.64052075]
1292,0.79179454,1.4927995204925537,[0.64052075]
1293,0.79179454,1.4910449981689453,[0.64052075]
1294,0.79179454,1.2844839096069336,[0.64052075]
1295,0.79179454,1.2889182567596436,[0.64052075]
1296,0.79179454,1.2097997665405273,[0.64052075]
1297,0.79179454,1.362541675567627,[0.64052075]
1298,0.79179454,1.287534475326538,[0.64052075]
1299,0.79179454,1.4883406162261963,[0.64052075]
1300,0.79179454,1.3402276039123535,[0.64052075]
1301,0.79179454,1.510788917541504,[0.64052075]
1302,0.79179454,1.4707322120666504,[0.64052075]
1303,0.79179454,1.5127267837524414,[0.64052075]
1304,0.79179454,1.4613878726959229,[0.64052075]
1305,0.79179454,1.2628469467163086,[0.64052075]
1306,0.79179454,1.2687511444091797,[0.64052075]
1307,0.79179454,1.4872376918792725,[0.64052075]
1308,0.79179454,1.315364122390747,[0.64052075]
1309,0.79179454,1.3283298015594482,[0.64052075]
1310,0.79179454,1.330918550491333,[0.64052075]
1311,0.79179454,1.3341197967529297,[0.64052075]
1312,0.79179454,1.3187682628631592,[0.64052075]
1313,0.79179454,1.3205389976501465,[0.64052075]
1314,0.79179454,1.3027889728546143,[0.64052075]
1315,0.79179454,1.2980296611785889,[0.64052075]
1316,0.79179454,1.272636890411377,[0.64052075]
1317,0.79179454,1.3268399238586426,[0.64052075]
1318,0.79179454,1.3053703308105469,[0.64052075]
1319,0.79179454,1.426048755645752,[0.64052075]
1320,0.79179454,1.4381742477416992,[0.64052075]
1321,0.79179454,1.492692232131958,[0.64052075]
1322,0.79179454,1.3175246715545654,[0.64052075]
1323,0.79179454,1.3149311542510986,[0.64052075]
1324,0.79179454,1.4237334728240967,[0.64052075]
1325,0.79179454,1.4363725185394287,[0.64052075]
1326,0.79179454,1.3108046054840088,[0.64052075]
1327,0.79179454,1.2892062664031982,[0.64052075]
1328,0.79179454,1.2944369316101074,[0.64052075]
1329,0.79179454,1.3337624073028564,[0.64052075]
1330,0.79179454,1.3271839618682861,[0.64052075]
1331,0.79179454,1.3417420387268066,[0.64052075]
1332,0.79179454,1.3196570873260498,[0.64052075]
1333,0.79179454,3.646268844604492,[0.64052075]
1334,0.79179454,1.3229477405548096,[0.64052075]
1335,0.79179454,1.309100866317749,[0.64052075]
1336,0.79179454,1.3112969398498535,[0.64052075]
1337,0.79179454,1.335082769393921,[0.64052075]
1338,0.79179454,1.3293664455413818,[0.64052075]
1339,0.79179454,1.3187732696533203,[0.64052075]
1340,0.79179454,1.3148536682128906,[0.64052075]
1341,0.79179454,1.3399927616119385,[0.64052075]
1342,0.79179454,1.4867582321166992,[0.64052075]
1343,0.79179454,1.5022990703582764,[0.64052075]
1344,0.79179454,1.3267004489898682,[0.64052075]
1345,0.79179454,1.6724936962127686,[0.64052075]
1346,0.79179454,1.4931035041809082,[0.64052075]
1347,0.79179454,1.4979853630065918,[0.64052075]
1348,0.79179454,1.4625420570373535,[0.64052075]
1349,0.79179454,1.4956574440002441,[0.64052075]
1350,0.79179454,1.4713823795318604,[0.64052075]
1351,0.79179454,1.2751219272613525,[0.64052075]
1352,0.79179454,1.304591417312622,[0.64052075]
1353,0.79179454,1.3325350284576416,[0.64052075]
1354,0.79179454,1.319749355316162,[0.64052075]
1355,0.79179454,1.5100765228271484,[0.64052075]
1356,0.79179454,1.3023936748504639,[0.64052075]
1357,0.79179454,1.3062341213226318,[0.64052075]
1358,0.79179454,1.4417428970336914,[0.64052075]
1359,0.79179454,1.2880544662475586,[0.64052075]
1360,0.79179454,1.280397891998291,[0.64052075]
1361,0.79179454,1.431304693222046,[0.64052075]
1362,0.79179454,1.3415226936340332,[0.64052075]
1363,0.79179454,1.3373374938964844,[0.64052075]
1364,0.79179454,1.310375452041626,[0.64052075]
1365,0.79179454,1.3402378559112549,[0.64052075]
1366,0.79179454,1.494126319885254,[0.64052075]
1367,0.79179454,1.4861881732940674,[0.64052075]
1368,0.79179454,1.3144927024841309,[0.64052075]
1369,0.79179454,1.3181777000427246,[0.64052075]
1370,0.79179454,1.3481862545013428,[0.64052075]
1371,0.79179454,1.488684892654419,[0.64052075]
1372,0.79179454,1.2868452072143555,[0.64052075]
1373,0.79179454,1.4349679946899414,[0.64052075]
1374,0.79179454,1.3136217594146729,[0.64052075]
1375,0.79179454,1.4980647563934326,[0.64052075]
1376,0.79179454,1.325409173965454,[0.64052075]
1377,0.79179454,1.34450101852417,[0.64052075]
1378,0.79179454,1.3066990375518799,[0.64052075]
1379,0.79179454,1.3833563327789307,[0.64052075]
1380,0.79179454,1.2490689754486084,[0.64052075]
1381,0.79179454,1.2611091136932373,[0.64052075]
1382,0.79179454,1.2996470928192139,[0.64052075]
1383,0.79179454,1.2952008247375488,[0.64052075]
1384,0.79179454,1.3180477619171143,[0.64052075]
1385,0.79179454,1.34373140335083,[0.64052075]
1386,0.79179454,1.3402478694915771,[0.64052075]
1387,0.79179454,1.3658473491668701,[0.64052075]
1388,0.79179454,1.4975371360778809,[0.64052075]
1389,0.79179454,1.3202924728393555,[0.64052075]
1390,0.79179454,1.3060777187347412,[0.64052075]
1391,0.79179454,1.2676632404327393,[0.64052075]
1392,0.79179454,1.4325931072235107,[0.64052075]
1393,0.79179454,1.3105335235595703,[0.64052075]
1394,0.79179454,1.3143212795257568,[0.64052075]
1395,0.79179454,1.5012731552124023,[0.64052075]
1396,0.79179454,1.3355493545532227,[0.64052075]
1397,0.79179454,1.492494821548462,[0.64052075]
1398,0.79179454,1.3228182792663574,[0.64052075]
1399,0.79179454,1.2887158393859863,[0.64052075]
1400,0.79179454,1.2988970279693604,[0.64052075]
1401,0.79179454,1.4910659790039062,[0.64052075]
1402,0.79179454,1.2947502136230469,[0.64052075]
1403,0.79179454,1.4379568099975586,[0.64052075]
1404,0.79179454,1.265683889389038,[0.64052075]
1405,0.79179454,1.4494171142578125,[0.64052075]
1406,0.79179454,1.327754259109497,[0.64052075]
1407,0.79179454,1.3436317443847656,[0.64052075]
1408,0.79179454,1.3149645328521729,[0.64052075]
1409,0.79179454,1.3585238456726074,[0.64052075]
1410,0.79179454,1.2938034534454346,[0.64052075]
1411,0.79179454,1.2901537418365479,[0.64052075]
1412,0.79179454,1.3130114078521729,[0.64052075]
1413,0.79179454,1.441845178604126,[0.64052075]
1414,0.79179454,1.2497234344482422,[0.64052075]
1415,0.79179454,1.2702627182006836,[0.64052075]
1416,0.79179454,1.2830018997192383,[0.64052075]
1417,0.79179454,1.3558974266052246,[0.64052075]
1418,0.79179454,1.4997243881225586,[0.64052075]
1419,0.79179454,1.3409521579742432,[0.64052075]
1420,0.79179454,1.4776475429534912,[0.64052075]
1421,0.79179454,1.2806060314178467,[0.64052075]
1422,0.79179454,1.268993616104126,[0.64052075]
1423,0.79179454,1.3342385292053223,[0.64052075]
1424,0.79179454,1.3168845176696777,[0.64052075]
1425,0.79179454,3.779247999191284,[0.64052075]
1426,0.79179454,1.316877841949463,[0.64052075]
1427,0.79179454,1.3439157009124756,[0.64052075]
1428,0.79179454,1.3363919258117676,[0.64052075]
1429,0.79179454,1.3662347793579102,[0.64052075]
1430,0.79179454,1.3065836429595947,[0.64052075]
1431,0.79179454,1.3065459728240967,[0.64052075]
1432,0.79179454,1.3238825798034668,[0.64052075]
1433,0.79179454,1.323385238647461,[0.64052075]
1434,0.79179454,1.2801198959350586,[0.64052075]
1435,0.79179454,1.4549140930175781,[0.64052075]
1436,0.79179454,1.4551293849945068,[0.64052075]
1437,0.79179454,1.337892770767212,[0.64052075]
1438,0.79179454,1.514338493347168,[0.64052075]
1439,0.79179454,1.3029875755310059,[0.64052075]
1440,0.79179454,1.3156931400299072,[0.64052075]
1441,0.79179454,1.324754238128662,[0.64052075]
1442,0.79179454,1.2846992015838623,[0.64052075]
1443,0.79179454,1.2999751567840576,[0.64052075]
1444,0.79179454,1.3983128070831299,[0.64052075]
1445,0.79179454,1.3266627788543701,[0.64052075]
1446,0.79179454,1.3316943645477295,[0.64052075]
1447,0.79179454,1.52158784866333,[0.64052075]
1448,0.79179454,1.2911708354949951,[0.64052075]
1449,0.79179454,1.3041484355926514,[0.64052075]
1450,0.79179454,1.3129363059997559,[0.64052075]
1451,0.79179454,1.4326775074005127,[0.64052075]
1452,0.79179454,1.3019282817840576,[0.64052075]
1453,0.79179454,1.2906615734100342,[0.64052075]
1454,0.79179454,1.3696911334991455,[0.64052075]
1455,0.79179454,1.293658971786499,[0.64052075]
1456,0.79179454,1.4863505363464355,[0.64052075]
1457,0.79179454,1.3558967113494873,[0.64052075]
1458,0.79179454,1.3232667446136475,[0.64052075]
1459,0.79179454,1.3263142108917236,[0.64052075]
1460,0.79179454,1.2942235469818115,[0.64052075]
1461,0.79179454,1.3266627788543701,[0.64052075]
1462,0.79179454,1.3253018856048584,[0.64052075]
1463,0.79179454,1.3326785564422607,[0.64052075]
1464,0.79179454,1.2712297439575195,[0.64052075]
1465,0.79179454,1.258094310760498,[0.64052075]
1466,0.79179454,1.2488164901733398,[0.64052075]
1467,0.79179454,1.2222700119018555,[0.64052075]
1468,0.79179454,1.2737724781036377,[0.64052075]
1469,0.79179454,1.5004212856292725,[0.64052075]
1470,0.79179454,1.4746778011322021,[0.64052075]
1471,0.79179454,1.4592812061309814,[0.64052075]
1472,0.79179454,1.2647349834442139,[0.64052075]
1473,0.79179454,1.2970573902130127,[0.64052075]
1474,0.79179454,1.2931997776031494,[0.64052075]
1475,0.79179454,1.477581262588501,[0.64052075]
1476,0.79179454,1.3096961975097656,[0.64052075]
1477,0.79179454,1.32808256149292,[0.64052075]
1478,0.79179454,1.2865629196166992,[0.64052075]
1479,0.79179454,1.2996265888214111,[0.64052075]
1480,0.79179454,1.309659719467163,[0.64052075]
1481,0.79179454,1.290787696838379,[0.64052075]
1482,0.79179454,1.3028199672698975,[0.64052075]
1483,0.79179454,1.3141562938690186,[0.64052075]
1484,0.79179454,1.3196215629577637,[0.64052075]
1485,0.79179454,1.281757116317749,[0.64052075]
1486,0.79179454,1.2651889324188232,[0.64052075]
1487,0.79179454,1.3143808841705322,[0.64052075]
1488,0.79179454,1.3234782218933105,[0.64052075]
1489,0.79179454,1.3259656429290771,[0.64052075]
1490,0.79179454,1.3058099746704102,[0.64052075]
1491,0.79179454,1.3549034595489502,[0.64052075]
1492,0.79179454,1.4570701122283936,[0.64052075]
1493,0.79179454,1.307426929473877,[0.64052075]
1494,0.79179454,1.2785065174102783,[0.64052075]
1495,0.79179454,1.2725043296813965,[0.64052075]
1496,0.79179454,1.2928807735443115,[0.64052075]
1497,0.79179454,1.2877554893493652,[0.64052075]
1498,0.79179454,1.268904685974121,[0.64052075]
1499,0.79179454,1.427161693572998,[0.64052075]
