iteration,max_fitness,time,test_accuracy
0,0.0011867881,0.0,0.0009045005
1,0.0011867881,1.0005993843078613,[0.0009045]
2,0.0011867881,0.972806453704834,[0.0009045]
3,0.02004534,1.0299863815307617,[-0.02937937]
4,0.02004534,1.005394697189331,[-0.02937937]
5,0.02004534,1.0031437873840332,[-0.02937937]
6,0.02004534,0.9658448696136475,[-0.02937937]
7,0.02004534,1.001786708831787,[-0.02937937]
8,0.02004534,1.0091304779052734,[-0.02937937]
9,0.02004534,1.0015339851379395,[-0.02937937]
10,0.02004534,0.9878840446472168,[-0.02937937]
11,0.02004534,1.025883436203003,[-0.02937937]
12,0.02004534,1.0162389278411865,[-0.02937937]
13,0.02004534,0.999070405960083,[-0.02937937]
14,0.02004534,3.3367183208465576,[-0.02937937]
15,0.02004534,0.9781510829925537,[-0.02937937]
16,0.02004534,0.9837360382080078,[-0.02937937]
17,0.02004534,0.9888284206390381,[-0.02937937]
18,0.02004534,0.9742372035980225,[-0.02937937]
19,0.02004534,0.9694130420684814,[-0.02937937]
20,0.02004534,0.9849812984466553,[-0.02937937]
21,0.02004534,1.0048670768737793,[-0.02937937]
22,0.02004534,1.0110523700714111,[-0.02937937]
23,0.02004534,0.963740348815918,[-0.02937937]
24,0.02004534,0.9847812652587891,[-0.02937937]
25,0.02004534,0.9766395092010498,[-0.02937937]
26,0.02004534,1.037076711654663,[-0.02937937]
27,0.02004534,1.0038504600524902,[-0.02937937]
28,0.02004534,1.0086414813995361,[-0.02937937]
29,0.02004534,0.9988512992858887,[-0.02937937]
30,0.02004534,1.0077626705169678,[-0.02937937]
31,0.02004534,0.9708225727081299,[-0.02937937]
32,0.02004534,0.9786098003387451,[-0.02937937]
33,0.02004534,0.974931001663208,[-0.02937937]
34,0.02004534,1.0113747119903564,[-0.02937937]
35,0.02004534,0.9916818141937256,[-0.02937937]
36,0.02004534,1.0308864116668701,[-0.02937937]
37,0.02004534,1.0017518997192383,[-0.02937937]
38,0.02004534,1.0676934719085693,[-0.02937937]
39,0.02004534,1.0144355297088623,[-0.02937937]
40,0.02004534,0.999464750289917,[-0.02937937]
41,0.02004534,0.9827353954315186,[-0.02937937]
42,0.02004534,1.000140905380249,[-0.02937937]
43,0.02004534,1.0277354717254639,[-0.02937937]
44,0.02004534,1.036806583404541,[-0.02937937]
45,0.02004534,1.0140104293823242,[-0.02937937]
46,0.02004534,1.0332694053649902,[-0.02937937]
47,0.02004534,0.9857451915740967,[-0.02937937]
48,0.02004534,1.0048789978027344,[-0.02937937]
49,0.02004534,0.9776268005371094,[-0.02937937]
50,0.02004534,1.0099351406097412,[-0.02937937]
51,0.02004534,0.9918785095214844,[-0.02937937]
52,0.02004534,1.0006277561187744,[-0.02937937]
53,0.02004534,1.0145738124847412,[-0.02937937]
54,0.02004534,0.9939126968383789,[-0.02937937]
55,0.02004534,1.0040838718414307,[-0.02937937]
56,0.02004534,1.0254459381103516,[-0.02937937]
57,0.02004534,1.0108227729797363,[-0.02937937]
58,0.02004534,0.9656050205230713,[-0.02937937]
59,0.02004534,0.9829068183898926,[-0.02937937]
60,0.02004534,0.9273452758789062,[-0.02937937]
61,0.02004534,0.9968960285186768,[-0.02937937]
62,0.02004534,1.0246593952178955,[-0.02937937]
63,0.02004534,0.9852302074432373,[-0.02937937]
64,0.02004534,0.9873819351196289,[-0.02937937]
65,0.02004534,0.971855640411377,[-0.02937937]
66,0.02004534,1.016993761062622,[-0.02937937]
67,0.02004534,0.968066930770874,[-0.02937937]
68,0.02004534,1.0327856540679932,[-0.02937937]
69,0.02004534,1.0065865516662598,[-0.02937937]
70,0.02004534,1.0072917938232422,[-0.02937937]
71,0.02004534,1.0239970684051514,[-0.02937937]
72,0.02004534,0.991924524307251,[-0.02937937]
73,0.02004534,0.9993467330932617,[-0.02937937]
74,0.02004534,0.9715409278869629,[-0.02937937]
75,0.02004534,0.9845521450042725,[-0.02937937]
76,0.02004534,0.9702012538909912,[-0.02937937]
77,0.02004534,1.047527551651001,[-0.02937937]
78,0.02004534,1.0453498363494873,[-0.02937937]
79,0.02004534,1.0466485023498535,[-0.02937937]
80,0.02004534,0.9694032669067383,[-0.02937937]
81,0.02004534,0.9838800430297852,[-0.02937937]
82,0.02004534,0.9607152938842773,[-0.02937937]
83,0.02004534,0.9628255367279053,[-0.02937937]
84,0.02004534,0.9670083522796631,[-0.02937937]
85,0.02004534,0.9370307922363281,[-0.02937937]
86,0.02004534,1.0205717086791992,[-0.02937937]
87,0.02004534,1.0608129501342773,[-0.02937937]
88,0.02004534,0.9999909400939941,[-0.02937937]
89,0.02004534,1.0191247463226318,[-0.02937937]
90,0.02004534,1.0103416442871094,[-0.02937937]
91,0.02004534,0.9886636734008789,[-0.02937937]
92,0.02004534,1.0146374702453613,[-0.02937937]
93,0.02004534,0.9787664413452148,[-0.02937937]
94,0.02004534,1.0421991348266602,[-0.02937937]
95,0.02004534,0.947577953338623,[-0.02937937]
96,0.02004534,1.0004322528839111,[-0.02937937]
97,0.02004534,0.9884316921234131,[-0.02937937]
98,0.02004534,0.9914979934692383,[-0.02937937]
99,0.02004534,0.9822156429290771,[-0.02937937]
100,0.02004534,0.9909303188323975,[-0.02937937]
101,0.02004534,3.3480427265167236,[-0.02937937]
102,0.02004534,0.984060525894165,[-0.02937937]
103,0.02004534,1.0201776027679443,[-0.02937937]
104,0.02004534,1.022935152053833,[-0.02937937]
105,0.02004534,1.023141860961914,[-0.02937937]
106,0.02004534,0.9995095729827881,[-0.02937937]
107,0.02004534,0.9838042259216309,[-0.02937937]
108,0.02004534,0.9718971252441406,[-0.02937937]
109,0.02004534,0.9834120273590088,[-0.02937937]
110,0.02004534,0.9770333766937256,[-0.02937937]
111,0.02004534,0.9668967723846436,[-0.02937937]
112,0.02004534,0.9946086406707764,[-0.02937937]
113,0.02004534,1.0080068111419678,[-0.02937937]
114,0.02004534,0.9845314025878906,[-0.02937937]
115,0.02004534,0.9942800998687744,[-0.02937937]
116,0.02004534,1.0342261791229248,[-0.02937937]
117,0.02004534,1.006833553314209,[-0.02937937]
118,0.02004534,0.994159460067749,[-0.02937937]
119,0.02004534,1.05450439453125,[-0.02937937]
120,0.02004534,1.0360019207000732,[-0.02937937]
121,0.02004534,0.9856076240539551,[-0.02937937]
122,0.02004534,0.9725236892700195,[-0.02937937]
123,0.02004534,1.02382493019104,[-0.02937937]
124,0.02004534,1.0377171039581299,[-0.02937937]
125,0.02004534,0.968970775604248,[-0.02937937]
126,0.02004534,1.0073635578155518,[-0.02937937]
127,0.02004534,1.0566890239715576,[-0.02937937]
128,0.02004534,1.0107917785644531,[-0.02937937]
129,0.02004534,0.9778077602386475,[-0.02937937]
130,0.02004534,1.0611531734466553,[-0.02937937]
131,0.02004534,1.0163376331329346,[-0.02937937]
132,0.02004534,1.0139214992523193,[-0.02937937]
133,0.02004534,1.0349528789520264,[-0.02937937]
134,0.02004534,0.9678797721862793,[-0.02937937]
135,0.02004534,0.9899647235870361,[-0.02937937]
136,0.02004534,1.047621488571167,[-0.02937937]
137,0.02004534,1.0142104625701904,[-0.02937937]
138,0.02004534,0.9827675819396973,[-0.02937937]
139,0.02004534,0.9465103149414062,[-0.02937937]
140,0.02004534,0.9640276432037354,[-0.02937937]
141,0.02004534,1.0067217350006104,[-0.02937937]
142,0.02004534,0.9642114639282227,[-0.02937937]
143,0.02004534,0.9672198295593262,[-0.02937937]
144,0.02004534,0.9657468795776367,[-0.02937937]
145,0.02004534,0.9736955165863037,[-0.02937937]
146,0.02004534,0.9984745979309082,[-0.02937937]
147,0.02004534,0.9882609844207764,[-0.02937937]
148,0.02004534,0.9501547813415527,[-0.02937937]
149,0.02004534,0.9850318431854248,[-0.02937937]
150,0.02004534,1.0018813610076904,[-0.02937937]
151,0.02004534,1.0032947063446045,[-0.02937937]
152,0.02004534,1.0001537799835205,[-0.02937937]
153,0.02004534,1.0133347511291504,[-0.02937937]
154,0.02004534,0.9586236476898193,[-0.02937937]
155,0.02004534,1.0609748363494873,[-0.02937937]
156,0.02004534,1.004425048828125,[-0.02937937]
157,0.02004534,1.0162980556488037,[-0.02937937]
158,0.02004534,1.0151207447052002,[-0.02937937]
159,0.02004534,0.9793868064880371,[-0.02937937]
160,0.02004534,1.0019712448120117,[-0.02937937]
161,0.02004534,1.0708816051483154,[-0.02937937]
162,0.02004534,1.0471343994140625,[-0.02937937]
163,0.02004534,1.0010473728179932,[-0.02937937]
164,0.02004534,1.0175549983978271,[-0.02937937]
165,0.02004534,0.9925589561462402,[-0.02937937]
166,0.02004534,0.9638521671295166,[-0.02937937]
167,0.02004534,0.9962661266326904,[-0.02937937]
168,0.02004534,1.0156934261322021,[-0.02937937]
169,0.02004534,1.0065631866455078,[-0.02937937]
170,0.02004534,0.9912664890289307,[-0.02937937]
171,0.02004534,1.042588710784912,[-0.02937937]
172,0.02004534,1.027184247970581,[-0.02937937]
173,0.02004534,1.043680191040039,[-0.02937937]
174,0.02004534,1.0378525257110596,[-0.02937937]
175,0.02004534,1.020622730255127,[-0.02937937]
176,0.02004534,1.044409990310669,[-0.02937937]
177,0.02004534,0.9942836761474609,[-0.02937937]
178,0.02004534,0.9956662654876709,[-0.02937937]
179,0.02004534,1.033515453338623,[-0.02937937]
180,0.02004534,0.9923474788665771,[-0.02937937]
181,0.02004534,1.0005249977111816,[-0.02937937]
182,0.02004534,1.0699043273925781,[-0.02937937]
183,0.02004534,1.015007734298706,[-0.02937937]
184,0.02004534,1.0231060981750488,[-0.02937937]
185,0.02004534,1.0083930492401123,[-0.02937937]
186,0.02004534,1.014704942703247,[-0.02937937]
187,0.02004534,1.019765853881836,[-0.02937937]
188,0.02004534,3.317120313644409,[-0.02937937]
189,0.02004534,1.0051448345184326,[-0.02937937]
190,0.02004534,0.9882159233093262,[-0.02937937]
191,0.02004534,1.0083069801330566,[-0.02937937]
192,0.02004534,1.0253279209136963,[-0.02937937]
193,0.02004534,1.0226490497589111,[-0.02937937]
194,0.02004534,0.981208324432373,[-0.02937937]
195,0.02004534,1.0518314838409424,[-0.02937937]
196,0.02004534,0.965299129486084,[-0.02937937]
197,0.0214445,1.018303632736206,[-0.04940307]
198,0.0214445,1.0557682514190674,[-0.04940307]
199,0.0214445,1.0311479568481445,[-0.04940307]
200,0.0214445,0.9996378421783447,[-0.04940307]
201,0.0214445,0.9896459579467773,[-0.04940307]
202,0.021743178,0.9905049800872803,[-0.04203415]
203,0.021743178,1.0516455173492432,[-0.04203415]
204,0.021743178,0.989375114440918,[-0.04203415]
205,0.021743178,0.9594299793243408,[-0.04203415]
206,0.021743178,1.0130953788757324,[-0.04203415]
207,0.021743178,1.0192680358886719,[-0.04203415]
208,0.021743178,0.9788799285888672,[-0.04203415]
209,0.021743178,0.9722297191619873,[-0.04203415]
210,0.021743178,1.0000529289245605,[-0.04203415]
211,0.021743178,1.0171904563903809,[-0.04203415]
212,0.021743178,1.041020154953003,[-0.04203415]
213,0.021743178,0.9993982315063477,[-0.04203415]
214,0.021743178,1.0102181434631348,[-0.04203415]
215,0.021743178,0.9789795875549316,[-0.04203415]
216,0.021743178,1.0129971504211426,[-0.04203415]
217,0.021743178,0.9954533576965332,[-0.04203415]
218,0.021743178,0.9854137897491455,[-0.04203415]
219,0.021743178,1.0800986289978027,[-0.04203415]
220,0.021743178,1.0576562881469727,[-0.04203415]
221,0.021743178,1.0041890144348145,[-0.04203415]
222,0.021743178,0.9986002445220947,[-0.04203415]
223,0.021743178,0.9903042316436768,[-0.04203415]
224,0.021743178,0.9831142425537109,[-0.04203415]
225,0.021743178,1.0182795524597168,[-0.04203415]
226,0.021743178,1.0200285911560059,[-0.04203415]
227,0.021743178,1.0391664505004883,[-0.04203415]
228,0.021743178,0.997873067855835,[-0.04203415]
229,0.021743178,1.0235493183135986,[-0.04203415]
230,0.021743178,1.0363986492156982,[-0.04203415]
231,0.021743178,1.0408265590667725,[-0.04203415]
232,0.021743178,1.0150187015533447,[-0.04203415]
233,0.021743178,0.9924118518829346,[-0.04203415]
234,0.021743178,1.026871919631958,[-0.04203415]
235,0.021743178,0.9869174957275391,[-0.04203415]
236,0.021743178,1.0010619163513184,[-0.04203415]
237,0.021743178,0.9966535568237305,[-0.04203415]
238,0.021743178,0.9755992889404297,[-0.04203415]
239,0.021743178,0.9875454902648926,[-0.04203415]
240,0.021743178,1.0689842700958252,[-0.04203415]
241,0.021743178,1.0401151180267334,[-0.04203415]
242,0.021743178,1.002450704574585,[-0.04203415]
243,0.021743178,1.0080265998840332,[-0.04203415]
244,0.021743178,1.0338373184204102,[-0.04203415]
245,0.021743178,1.0290439128875732,[-0.04203415]
246,0.021743178,1.048332691192627,[-0.04203415]
247,0.021743178,1.026386022567749,[-0.04203415]
248,0.021743178,1.075976848602295,[-0.04203415]
249,0.02186799,1.0319850444793701,[-0.05070531]
250,0.02186799,1.0179622173309326,[-0.05070531]
251,0.02186799,1.0015451908111572,[-0.05070531]
252,0.02186799,1.0287110805511475,[-0.05070531]
253,0.02186799,1.021186351776123,[-0.05070531]
254,0.02186799,0.9905433654785156,[-0.05070531]
255,0.02186799,0.9770965576171875,[-0.05070531]
256,0.02186799,1.019651174545288,[-0.05070531]
257,0.02186799,0.9893403053283691,[-0.05070531]
258,0.02186799,1.0369086265563965,[-0.05070531]
259,0.02186799,0.9969007968902588,[-0.05070531]
260,0.02186799,1.0204246044158936,[-0.05070531]
261,0.02186799,1.008410930633545,[-0.05070531]
262,0.02186799,0.994208574295044,[-0.05070531]
263,0.02186799,1.0381901264190674,[-0.05070531]
264,0.02186799,1.0160913467407227,[-0.05070531]
265,0.02186799,1.013190507888794,[-0.05070531]
266,0.02186799,1.0028624534606934,[-0.05070531]
267,0.02186799,1.0343573093414307,[-0.05070531]
268,0.02186799,1.0037205219268799,[-0.05070531]
269,0.02186799,1.0179338455200195,[-0.05070531]
270,0.02186799,1.065354824066162,[-0.05070531]
271,0.02186799,1.0080480575561523,[-0.05070531]
272,0.02186799,1.0228822231292725,[-0.05070531]
273,0.02186799,1.0426197052001953,[-0.05070531]
274,0.02186799,1.045475959777832,[-0.05070531]
275,0.02186799,3.398367166519165,[-0.05070531]
276,0.02186799,0.9927840232849121,[-0.05070531]
277,0.02186799,1.019543170928955,[-0.05070531]
278,0.02186799,1.026686668395996,[-0.05070531]
279,0.02186799,1.0285210609436035,[-0.05070531]
280,0.02186799,1.0276024341583252,[-0.05070531]
281,0.051275134,0.9885294437408447,[-0.00868177]
282,0.051275134,1.05686616897583,[-0.00868177]
283,0.051275134,1.0188579559326172,[-0.00868177]
284,0.051275134,1.0076041221618652,[-0.00868177]
285,0.051275134,0.9735300540924072,[-0.00868177]
286,0.051275134,1.0131607055664062,[-0.00868177]
287,0.051275134,1.0113873481750488,[-0.00868177]
288,0.051275134,1.0905051231384277,[-0.00868177]
289,0.051275134,0.9793908596038818,[-0.00868177]
290,0.051275134,1.018212080001831,[-0.00868177]
291,0.051275134,0.9936637878417969,[-0.00868177]
292,0.051275134,0.9902329444885254,[-0.00868177]
293,0.051275134,1.0012099742889404,[-0.00868177]
294,0.051275134,1.0149526596069336,[-0.00868177]
295,0.051275134,0.973872184753418,[-0.00868177]
296,0.051275134,1.008695125579834,[-0.00868177]
297,0.051275134,1.0007140636444092,[-0.00868177]
298,0.051275134,1.0344698429107666,[-0.00868177]
299,0.051275134,1.0211684703826904,[-0.00868177]
300,0.05628085,1.047800064086914,[0.01208442]
301,0.05628085,0.9979526996612549,[0.01208442]
302,0.05628085,1.0249667167663574,[0.01208442]
303,0.05628085,0.9943289756774902,[0.01208442]
304,0.05628085,1.0748164653778076,[0.01208442]
305,0.05628085,1.0100810527801514,[0.01208442]
306,0.05628085,0.9996941089630127,[0.01208442]
307,0.05628085,0.9843244552612305,[0.01208442]
308,0.05628085,1.0575840473175049,[0.01208442]
309,0.05628085,1.0414988994598389,[0.01208442]
310,0.05628085,1.0573310852050781,[0.01208442]
311,0.05628085,1.0294194221496582,[0.01208442]
312,0.05628085,1.038407564163208,[0.01208442]
313,0.05628085,1.0238795280456543,[0.01208442]
314,0.05628085,1.029068946838379,[0.01208442]
315,0.05628085,1.1088552474975586,[0.01208442]
316,0.05628085,1.0588486194610596,[0.01208442]
317,0.05628085,1.0472381114959717,[0.01208442]
318,0.05628085,1.0404179096221924,[0.01208442]
319,0.05628085,0.9863631725311279,[0.01208442]
320,0.05628085,1.043795108795166,[0.01208442]
321,0.05628085,1.0121943950653076,[0.01208442]
322,0.05628085,1.0118632316589355,[0.01208442]
323,0.05628085,1.0285656452178955,[0.01208442]
324,0.05628085,1.0190825462341309,[0.01208442]
325,0.05628085,0.9967360496520996,[0.01208442]
326,0.05628085,1.0150525569915771,[0.01208442]
327,0.05628085,1.0408148765563965,[0.01208442]
328,0.05628085,1.0089752674102783,[0.01208442]
329,0.05628085,0.9990139007568359,[0.01208442]
330,0.056836545,1.0254440307617188,[0.02681136]
331,0.056836545,1.0169730186462402,[0.02681136]
332,0.056836545,0.9988865852355957,[0.02681136]
333,0.056836545,1.0095958709716797,[0.02681136]
334,0.056836545,1.0468101501464844,[0.02681136]
335,0.056836545,0.9844827651977539,[0.02681136]
336,0.056836545,1.0202739238739014,[0.02681136]
337,0.056836545,1.019916296005249,[0.02681136]
338,0.056836545,1.0428295135498047,[0.02681136]
339,0.056836545,0.9925556182861328,[0.02681136]
340,0.056836545,0.9771401882171631,[0.02681136]
341,0.056836545,1.0269854068756104,[0.02681136]
342,0.05700171,1.0034797191619873,[0.0222339]
343,0.05700171,1.051300048828125,[0.0222339]
344,0.05700171,0.9901907444000244,[0.0222339]
345,0.05700171,1.053056240081787,[0.0222339]
346,0.05700171,1.017282247543335,[0.0222339]
347,0.05700171,1.0077009201049805,[0.0222339]
348,0.05700171,1.0692601203918457,[0.0222339]
349,0.05700171,1.0159761905670166,[0.0222339]
350,0.05700171,1.090749979019165,[0.0222339]
351,0.05700171,1.0303428173065186,[0.0222339]
352,0.05700171,1.03975510597229,[0.0222339]
353,0.05700171,1.0472650527954102,[0.0222339]
354,0.05700171,0.9967191219329834,[0.0222339]
355,0.05700171,0.9781363010406494,[0.0222339]
356,0.05700171,0.9875626564025879,[0.0222339]
357,0.05700171,1.0566596984863281,[0.0222339]
358,0.05700171,1.0150947570800781,[0.0222339]
359,0.05700171,1.0230133533477783,[0.0222339]
360,0.05700171,1.0039055347442627,[0.0222339]
361,0.05700171,3.3490631580352783,[0.0222339]
362,0.05700171,0.9832320213317871,[0.0222339]
363,0.05700171,1.0005221366882324,[0.0222339]
364,0.05700171,1.014035940170288,[0.0222339]
365,0.05700171,1.0385043621063232,[0.0222339]
366,0.05700171,1.0340118408203125,[0.0222339]
367,0.05700171,0.9935956001281738,[0.0222339]
368,0.05700171,1.0795783996582031,[0.0222339]
369,0.05700171,1.0074403285980225,[0.0222339]
370,0.05700171,1.0285131931304932,[0.0222339]
371,0.05700171,0.993187665939331,[0.0222339]
372,0.05700171,1.027160406112671,[0.0222339]
373,0.05700171,1.059666633605957,[0.0222339]
374,0.05700171,1.0066919326782227,[0.0222339]
375,0.05700171,0.994220495223999,[0.0222339]
376,0.05700171,1.0030653476715088,[0.0222339]
377,0.05700171,1.028961181640625,[0.0222339]
378,0.05700171,1.0054385662078857,[0.0222339]
379,0.05700171,0.9678044319152832,[0.0222339]
380,0.05700171,1.035201072692871,[0.0222339]
381,0.05700171,1.0298786163330078,[0.0222339]
382,0.05700171,1.0667853355407715,[0.0222339]
383,0.05700171,1.0057740211486816,[0.0222339]
384,0.05700171,0.9873802661895752,[0.0222339]
385,0.05700171,1.0458893775939941,[0.0222339]
386,0.05700171,0.9945554733276367,[0.0222339]
387,0.05700171,1.026881456375122,[0.0222339]
388,0.05700171,1.0076525211334229,[0.0222339]
389,0.05700171,1.0065898895263672,[0.0222339]
390,0.05700171,1.0503034591674805,[0.0222339]
391,0.05700171,0.9849898815155029,[0.0222339]
392,0.05700171,1.005845546722412,[0.0222339]
393,0.05700171,1.0153100490570068,[0.0222339]
394,0.05700171,1.0539495944976807,[0.0222339]
395,0.05700171,1.0145204067230225,[0.0222339]
396,0.05700171,1.0473504066467285,[0.0222339]
397,0.06290603,1.0222632884979248,[0.03056276]
398,0.06290603,1.0733535289764404,[0.03056276]
399,0.06290603,0.9941854476928711,[0.03056276]
400,0.06290603,1.0022480487823486,[0.03056276]
401,0.06290603,1.000417947769165,[0.03056276]
402,0.06290603,1.0183141231536865,[0.03056276]
403,0.06290603,1.0668740272521973,[0.03056276]
404,0.06290603,0.999549388885498,[0.03056276]
405,0.06290603,1.0382380485534668,[0.03056276]
406,0.06290603,1.004349708557129,[0.03056276]
407,0.06290603,0.9911911487579346,[0.03056276]
408,0.06290603,1.0369842052459717,[0.03056276]
409,0.06290603,0.9886472225189209,[0.03056276]
410,0.06290603,1.0195989608764648,[0.03056276]
411,0.06290603,1.021859884262085,[0.03056276]
412,0.06290603,0.9992704391479492,[0.03056276]
413,0.06290603,1.018859624862671,[0.03056276]
414,0.06290603,0.9916706085205078,[0.03056276]
415,0.06290603,1.0388188362121582,[0.03056276]
416,0.06290603,0.9715111255645752,[0.03056276]
417,0.06290603,0.9939370155334473,[0.03056276]
418,0.06290603,0.9783339500427246,[0.03056276]
419,0.06290603,1.0582597255706787,[0.03056276]
420,0.06290603,1.0065674781799316,[0.03056276]
421,0.06290603,0.9824910163879395,[0.03056276]
422,0.06290603,1.0546722412109375,[0.03056276]
423,0.06290603,1.0074374675750732,[0.03056276]
424,0.06290603,1.0197169780731201,[0.03056276]
425,0.06290603,1.0214970111846924,[0.03056276]
426,0.06290603,0.9852964878082275,[0.03056276]
427,0.06290603,0.9962136745452881,[0.03056276]
428,0.06290603,1.0798161029815674,[0.03056276]
429,0.06290603,0.981147050857544,[0.03056276]
430,0.06290603,1.031313180923462,[0.03056276]
431,0.06290603,1.0066208839416504,[0.03056276]
432,0.06290603,1.0298991203308105,[0.03056276]
433,0.06290603,0.9980671405792236,[0.03056276]
434,0.06290603,1.0308573246002197,[0.03056276]
435,0.06290603,1.0040087699890137,[0.03056276]
436,0.06290603,1.0282249450683594,[0.03056276]
437,0.06290603,1.0656492710113525,[0.03056276]
438,0.06290603,1.0603928565979004,[0.03056276]
439,0.06290603,1.0327377319335938,[0.03056276]
440,0.06290603,0.9816572666168213,[0.03056276]
441,0.06290603,1.0089011192321777,[0.03056276]
442,0.06290603,1.0190112590789795,[0.03056276]
443,0.06290603,0.9872331619262695,[0.03056276]
444,0.06290603,0.9990105628967285,[0.03056276]
445,0.06290603,0.981898307800293,[0.03056276]
446,0.06290603,0.9944074153900146,[0.03056276]
447,0.06290603,1.005742073059082,[0.03056276]
448,0.06290603,3.4129395484924316,[0.03056276]
449,0.06290603,1.0638620853424072,[0.03056276]
450,0.06290603,1.011697769165039,[0.03056276]
451,0.06290603,1.0484437942504883,[0.03056276]
452,0.06290603,1.059784173965454,[0.03056276]
453,0.06290603,1.0679810047149658,[0.03056276]
454,0.06290603,1.025109052658081,[0.03056276]
455,0.06290603,1.0361511707305908,[0.03056276]
456,0.06290603,1.0079176425933838,[0.03056276]
457,0.06290603,1.0690581798553467,[0.03056276]
458,0.06290603,1.0083115100860596,[0.03056276]
459,0.06290603,1.005540132522583,[0.03056276]
460,0.06290603,0.9926130771636963,[0.03056276]
461,0.06290603,1.0145483016967773,[0.03056276]
462,0.06290603,0.9762318134307861,[0.03056276]
463,0.06290603,0.9856252670288086,[0.03056276]
464,0.06290603,0.9690515995025635,[0.03056276]
465,0.06290603,1.0021748542785645,[0.03056276]
466,0.06290603,0.9970526695251465,[0.03056276]
467,0.06290603,1.0698294639587402,[0.03056276]
468,0.06290603,1.0572850704193115,[0.03056276]
469,0.06290603,1.0834667682647705,[0.03056276]
470,0.06290603,1.0461699962615967,[0.03056276]
471,0.06290603,1.0161230564117432,[0.03056276]
472,0.06290603,1.0097603797912598,[0.03056276]
473,0.06290603,1.0213861465454102,[0.03056276]
474,0.06290603,1.0325634479522705,[0.03056276]
475,0.06290603,1.0555248260498047,[0.03056276]
476,0.06290603,1.0218133926391602,[0.03056276]
477,0.06290603,1.0086913108825684,[0.03056276]
478,0.06290603,0.9979074001312256,[0.03056276]
479,0.06290603,1.0513298511505127,[0.03056276]
480,0.06290603,1.0529742240905762,[0.03056276]
481,0.06290603,1.0161728858947754,[0.03056276]
482,0.06290603,0.9791302680969238,[0.03056276]
483,0.06290603,0.9776532649993896,[0.03056276]
484,0.06290603,1.0163915157318115,[0.03056276]
485,0.06290603,0.95572829246521,[0.03056276]
486,0.06290603,1.0182266235351562,[0.03056276]
487,0.06290603,1.0015623569488525,[0.03056276]
488,0.06290603,1.0083699226379395,[0.03056276]
489,0.06290603,0.9820992946624756,[0.03056276]
490,0.06290603,1.0143368244171143,[0.03056276]
491,0.06290603,1.0127863883972168,[0.03056276]
492,0.06290603,1.056931495666504,[0.03056276]
493,0.06290603,0.987335205078125,[0.03056276]
494,0.06290603,0.9979665279388428,[0.03056276]
495,0.06290603,1.0047309398651123,[0.03056276]
496,0.06290603,1.023097038269043,[0.03056276]
497,0.06290603,1.0068252086639404,[0.03056276]
498,0.06290603,1.0084021091461182,[0.03056276]
499,0.06290603,1.0536561012268066,[0.03056276]
500,0.06290603,0.9802496433258057,[0.03056276]
501,0.06290603,0.9805889129638672,[0.03056276]
502,0.06290603,0.9990861415863037,[0.03056276]
503,0.06290603,1.0339314937591553,[0.03056276]
504,0.06290603,1.0294806957244873,[0.03056276]
505,0.06290603,1.0410165786743164,[0.03056276]
506,0.06499809,1.0506410598754883,[0.03017968]
507,0.06499809,1.0566790103912354,[0.03017968]
508,0.06499809,1.0229778289794922,[0.03017968]
509,0.06499809,0.9866769313812256,[0.03017968]
510,0.06499809,1.0604918003082275,[0.03017968]
511,0.06499809,0.9816412925720215,[0.03017968]
512,0.06499809,0.9796075820922852,[0.03017968]
513,0.06499809,0.9935488700866699,[0.03017968]
514,0.070595264,1.0017740726470947,[0.03066576]
515,0.070595264,0.9673302173614502,[0.03066576]
516,0.070595264,1.0163025856018066,[0.03066576]
517,0.070595264,1.0205309391021729,[0.03066576]
518,0.070595264,1.0150697231292725,[0.03066576]
519,0.070595264,1.0280485153198242,[0.03066576]
520,0.070595264,0.9935457706451416,[0.03066576]
521,0.070595264,1.0407230854034424,[0.03066576]
522,0.070595264,0.9990811347961426,[0.03066576]
523,0.070595264,1.0211942195892334,[0.03066576]
524,0.070595264,1.0480318069458008,[0.03066576]
525,0.070595264,0.9934804439544678,[0.03066576]
526,0.070595264,1.040510654449463,[0.03066576]
527,0.070595264,0.996021032333374,[0.03066576]
528,0.070595264,0.9984419345855713,[0.03066576]
529,0.070595264,1.0427191257476807,[0.03066576]
530,0.070595264,1.0245990753173828,[0.03066576]
531,0.070595264,0.9887106418609619,[0.03066576]
532,0.070595264,0.9910321235656738,[0.03066576]
533,0.070595264,1.0242462158203125,[0.03066576]
534,0.070595264,0.9701566696166992,[0.03066576]
535,0.070595264,3.4410643577575684,[0.03066576]
536,0.070595264,0.9952294826507568,[0.03066576]
537,0.070595264,1.0036988258361816,[0.03066576]
538,0.070595264,1.0157628059387207,[0.03066576]
539,0.070595264,1.0538251399993896,[0.03066576]
540,0.07421732,1.0854036808013916,[0.03586668]
541,0.07421732,0.9961802959442139,[0.03586668]
542,0.07421732,0.9854161739349365,[0.03586668]
543,0.07421732,1.0583078861236572,[0.03586668]
544,0.07421732,1.0037930011749268,[0.03586668]
545,0.07421732,1.0007917881011963,[0.03586668]
546,0.07421732,1.0457451343536377,[0.03586668]
547,0.07421732,1.0092625617980957,[0.03586668]
548,0.07421732,1.0214121341705322,[0.03586668]
549,0.07421732,1.0057041645050049,[0.03586668]
550,0.07421732,0.9557809829711914,[0.03586668]
551,0.07421732,1.0143742561340332,[0.03586668]
552,0.07421732,0.9993805885314941,[0.03586668]
553,0.07421732,1.006056547164917,[0.03586668]
554,0.13972825,1.0278332233428955,[0.05729049]
555,0.13972825,0.9704289436340332,[0.05729049]
556,0.13972825,1.0488405227661133,[0.05729049]
557,0.1471687,0.9799559116363525,[0.08455777]
558,0.1471687,1.0289275646209717,[0.08455777]
559,0.1471687,1.0503909587860107,[0.08455777]
560,0.1471687,0.9646122455596924,[0.08455777]
561,0.1471687,1.021590232849121,[0.08455777]
562,0.1471687,1.0193676948547363,[0.08455777]
563,0.1471687,0.9894993305206299,[0.08455777]
564,0.1471687,1.0152666568756104,[0.08455777]
565,0.1471687,0.9880266189575195,[0.08455777]
566,0.1471687,0.9789161682128906,[0.08455777]
567,0.1471687,0.9974753856658936,[0.08455777]
568,0.1471687,1.018866777420044,[0.08455777]
569,0.1471687,1.0566673278808594,[0.08455777]
570,0.1471687,1.008220911026001,[0.08455777]
571,0.1471687,0.9841721057891846,[0.08455777]
572,0.1471687,1.0201153755187988,[0.08455777]
573,0.1471687,1.0290920734405518,[0.08455777]
574,0.1471687,1.0140066146850586,[0.08455777]
575,0.1471687,1.0542240142822266,[0.08455777]
576,0.1471687,1.0170438289642334,[0.08455777]
577,0.1471687,1.001873254776001,[0.08455777]
578,0.1471687,1.0128564834594727,[0.08455777]
579,0.1471687,1.0460741519927979,[0.08455777]
580,0.1471687,1.0089142322540283,[0.08455777]
581,0.1471687,1.0660130977630615,[0.08455777]
582,0.1471687,1.0219383239746094,[0.08455777]
583,0.1471687,1.0334606170654297,[0.08455777]
584,0.1471687,1.0176970958709717,[0.08455777]
585,0.1471687,1.0214471817016602,[0.08455777]
586,0.1471687,0.9760446548461914,[0.08455777]
587,0.1471687,1.014784812927246,[0.08455777]
588,0.1471687,1.032651424407959,[0.08455777]
589,0.1471687,1.0143420696258545,[0.08455777]
590,0.1471687,1.0141420364379883,[0.08455777]
591,0.1471687,1.0514562129974365,[0.08455777]
592,0.1471687,1.0448338985443115,[0.08455777]
593,0.1471687,1.0198895931243896,[0.08455777]
594,0.1471687,1.014984369277954,[0.08455777]
595,0.1471687,1.0197923183441162,[0.08455777]
596,0.1471687,1.0091676712036133,[0.08455777]
597,0.1471687,0.9653902053833008,[0.08455777]
598,0.1471687,0.959733247756958,[0.08455777]
599,0.1471687,0.9705779552459717,[0.08455777]
600,0.1471687,0.9898476600646973,[0.08455777]
601,0.1471687,1.0065758228302002,[0.08455777]
602,0.1471687,0.9833626747131348,[0.08455777]
603,0.1471687,1.033982276916504,[0.08455777]
604,0.1471687,1.0188732147216797,[0.08455777]
605,0.1471687,0.9895262718200684,[0.08455777]
606,0.1471687,0.9921894073486328,[0.08455777]
607,0.1471687,0.9985039234161377,[0.08455777]
608,0.1471687,1.014746904373169,[0.08455777]
609,0.1471687,1.0061964988708496,[0.08455777]
610,0.1471687,1.0238368511199951,[0.08455777]
611,0.1471687,0.9977271556854248,[0.08455777]
612,0.1471687,1.0212326049804688,[0.08455777]
613,0.1471687,1.029552698135376,[0.08455777]
614,0.1471687,1.0292201042175293,[0.08455777]
615,0.1471687,0.9665327072143555,[0.08455777]
616,0.1471687,0.964259147644043,[0.08455777]
617,0.15092808,0.9663476943969727,[0.09350371]
618,0.15092808,0.9958946704864502,[0.09350371]
619,0.15092808,1.0115835666656494,[0.09350371]
620,0.16778457,0.9914617538452148,[0.07603556]
621,0.16778457,0.9736270904541016,[0.07603556]
622,0.16778457,3.420431613922119,[0.07603556]
623,0.16778457,1.01434326171875,[0.07603556]
624,0.16778457,1.0160152912139893,[0.07603556]
625,0.16778457,1.036543607711792,[0.07603556]
626,0.16778457,1.0285110473632812,[0.07603556]
627,0.16778457,1.045039415359497,[0.07603556]
628,0.16778457,1.0205278396606445,[0.07603556]
629,0.16778457,0.9743454456329346,[0.07603556]
630,0.16778457,1.0088274478912354,[0.07603556]
631,0.16778457,1.025139331817627,[0.07603556]
632,0.16778457,0.9876699447631836,[0.07603556]
633,0.16778457,0.9856884479522705,[0.07603556]
634,0.16778457,0.9883921146392822,[0.07603556]
635,0.16778457,0.9928150177001953,[0.07603556]
636,0.16778457,1.0235562324523926,[0.07603556]
637,0.16778457,1.003392219543457,[0.07603556]
638,0.16778457,1.031029462814331,[0.07603556]
639,0.16778457,0.9978804588317871,[0.07603556]
640,0.16778457,0.9944391250610352,[0.07603556]
641,0.16778457,1.0213837623596191,[0.07603556]
642,0.16778457,1.0021042823791504,[0.07603556]
643,0.16778457,1.0241737365722656,[0.07603556]
644,0.16778457,1.015242099761963,[0.07603556]
645,0.16778457,1.0142340660095215,[0.07603556]
646,0.16778457,1.0079600811004639,[0.07603556]
647,0.16778457,1.040698528289795,[0.07603556]
648,0.16778457,1.0193586349487305,[0.07603556]
649,0.16778457,1.0190646648406982,[0.07603556]
650,0.16778457,1.055849552154541,[0.07603556]
651,0.16778457,1.0164885520935059,[0.07603556]
652,0.16778457,1.0072765350341797,[0.07603556]
653,0.16778457,0.9949920177459717,[0.07603556]
654,0.16778457,0.9831037521362305,[0.07603556]
655,0.16778457,1.0151546001434326,[0.07603556]
656,0.16778457,1.0285651683807373,[0.07603556]
657,0.16778457,1.0145750045776367,[0.07603556]
658,0.16778457,1.0309622287750244,[0.07603556]
659,0.16778457,1.0006299018859863,[0.07603556]
660,0.16778457,1.0081815719604492,[0.07603556]
661,0.16778457,1.0332603454589844,[0.07603556]
662,0.16778457,0.9775640964508057,[0.07603556]
663,0.16778457,0.9970400333404541,[0.07603556]
664,0.16778457,1.0568935871124268,[0.07603556]
665,0.16778457,1.0219173431396484,[0.07603556]
666,0.16778457,1.0016028881072998,[0.07603556]
667,0.16778457,0.9828927516937256,[0.07603556]
668,0.16778457,1.0120012760162354,[0.07603556]
669,0.16778457,1.0531847476959229,[0.07603556]
670,0.16778457,0.9930112361907959,[0.07603556]
671,0.16778457,1.0593712329864502,[0.07603556]
672,0.16778457,1.0018174648284912,[0.07603556]
673,0.16778457,1.0237250328063965,[0.07603556]
674,0.16778457,1.0914828777313232,[0.07603556]
675,0.16778457,1.0153603553771973,[0.07603556]
676,0.16778457,1.0535223484039307,[0.07603556]
677,0.16778457,0.9904487133026123,[0.07603556]
678,0.16778457,1.0442636013031006,[0.07603556]
679,0.16778457,1.0384776592254639,[0.07603556]
680,0.16778457,0.9851148128509521,[0.07603556]
681,0.16778457,1.022779941558838,[0.07603556]
682,0.16778457,0.9910900592803955,[0.07603556]
683,0.16778457,0.9798431396484375,[0.07603556]
684,0.16778457,1.0291357040405273,[0.07603556]
685,0.16778457,0.966724157333374,[0.07603556]
686,0.16778457,1.0374493598937988,[0.07603556]
687,0.16778457,0.9916646480560303,[0.07603556]
688,0.16778457,1.0122160911560059,[0.07603556]
689,0.16778457,1.0289568901062012,[0.07603556]
690,0.16778457,1.0262835025787354,[0.07603556]
691,0.16778457,1.0480420589447021,[0.07603556]
692,0.16778457,1.0030608177185059,[0.07603556]
693,0.16778457,1.0175280570983887,[0.07603556]
694,0.16778457,1.0159082412719727,[0.07603556]
695,0.16778457,1.0245394706726074,[0.07603556]
696,0.16778457,1.0320522785186768,[0.07603556]
697,0.16778457,1.0063180923461914,[0.07603556]
698,0.16778457,1.018486499786377,[0.07603556]
699,0.16778457,1.0053727626800537,[0.07603556]
700,0.16778457,1.0059382915496826,[0.07603556]
701,0.16778457,1.0064518451690674,[0.07603556]
702,0.16778457,1.012406587600708,[0.07603556]
703,0.16778457,0.9753856658935547,[0.07603556]
704,0.16778457,1.011193037033081,[0.07603556]
705,0.16778457,1.0315468311309814,[0.07603556]
706,0.16778457,0.9934840202331543,[0.07603556]
707,0.16778457,1.0135931968688965,[0.07603556]
708,0.16778457,0.9953365325927734,[0.07603556]
709,0.16778457,3.406766653060913,[0.07603556]
710,0.16778457,1.0391666889190674,[0.07603556]
711,0.16778457,1.0309245586395264,[0.07603556]
712,0.16778457,1.0168876647949219,[0.07603556]
713,0.16778457,1.028383731842041,[0.07603556]
714,0.16778457,1.0089049339294434,[0.07603556]
715,0.16778457,0.977114200592041,[0.07603556]
716,0.16778457,1.0018699169158936,[0.07603556]
717,0.16778457,0.9879987239837646,[0.07603556]
718,0.16778457,1.0367708206176758,[0.07603556]
719,0.16778457,0.9728639125823975,[0.07603556]
720,0.16778457,1.0283522605895996,[0.07603556]
721,0.16778457,0.991269588470459,[0.07603556]
722,0.16778457,1.0191736221313477,[0.07603556]
723,0.16778457,1.0243113040924072,[0.07603556]
724,0.16778457,1.0426092147827148,[0.07603556]
725,0.16778457,1.0781745910644531,[0.07603556]
726,0.16778457,1.0499720573425293,[0.07603556]
727,0.16778457,1.0046746730804443,[0.07603556]
728,0.16778457,1.0453033447265625,[0.07603556]
729,0.16778457,0.9734299182891846,[0.07603556]
730,0.16778457,1.0081424713134766,[0.07603556]
731,0.16778457,1.0197513103485107,[0.07603556]
732,0.16778457,1.0517597198486328,[0.07603556]
733,0.16778457,1.0148451328277588,[0.07603556]
734,0.16778457,1.0083544254302979,[0.07603556]
735,0.16778457,0.9947752952575684,[0.07603556]
736,0.16778457,0.9755427837371826,[0.07603556]
737,0.16778457,0.998955249786377,[0.07603556]
738,0.16778457,1.0455176830291748,[0.07603556]
739,0.16778457,1.0196521282196045,[0.07603556]
740,0.16778457,1.0489616394042969,[0.07603556]
741,0.16778457,0.975649356842041,[0.07603556]
742,0.16778457,0.9893107414245605,[0.07603556]
743,0.16778457,1.0171990394592285,[0.07603556]
744,0.16778457,0.995999813079834,[0.07603556]
745,0.16778457,1.0365934371948242,[0.07603556]
746,0.16778457,1.0149624347686768,[0.07603556]
747,0.16778457,0.9806737899780273,[0.07603556]
748,0.16778457,1.0347859859466553,[0.07603556]
749,0.16778457,1.0792949199676514,[0.07603556]
750,0.16778457,0.9818809032440186,[0.07603556]
751,0.16778457,1.0050151348114014,[0.07603556]
752,0.16778457,1.0379788875579834,[0.07603556]
753,0.16778457,1.0549733638763428,[0.07603556]
754,0.16778457,1.0423617362976074,[0.07603556]
755,0.16778457,1.002953052520752,[0.07603556]
756,0.16778457,1.020909070968628,[0.07603556]
757,0.16778457,1.0292272567749023,[0.07603556]
758,0.16778457,0.9924829006195068,[0.07603556]
759,0.16778457,0.9605181217193604,[0.07603556]
760,0.16778457,0.9644112586975098,[0.07603556]
761,0.16778457,0.9873068332672119,[0.07603556]
762,0.16778457,1.0003635883331299,[0.07603556]
763,0.16778457,0.9686996936798096,[0.07603556]
764,0.16778457,0.9910688400268555,[0.07603556]
765,0.16778457,1.0536985397338867,[0.07603556]
766,0.1768744,1.0138399600982666,[0.09344047]
767,0.1768744,1.0151984691619873,[0.09344047]
768,0.1768744,0.9828779697418213,[0.09344047]
769,0.1768744,1.028635025024414,[0.09344047]
770,0.1768744,0.9924564361572266,[0.09344047]
771,0.1768744,1.0213119983673096,[0.09344047]
772,0.1768744,1.0110359191894531,[0.09344047]
773,0.1768744,1.0054912567138672,[0.09344047]
774,0.1768744,1.0273606777191162,[0.09344047]
775,0.1768744,1.020312786102295,[0.09344047]
776,0.1768744,1.043569803237915,[0.09344047]
777,0.1768744,1.06998872756958,[0.09344047]
778,0.1768744,1.0378046035766602,[0.09344047]
779,0.1768744,1.0115513801574707,[0.09344047]
780,0.1768744,1.0115692615509033,[0.09344047]
781,0.1768744,1.0427510738372803,[0.09344047]
782,0.1768744,0.9928116798400879,[0.09344047]
783,0.1768744,1.0509121417999268,[0.09344047]
784,0.1768744,1.0529711246490479,[0.09344047]
785,0.1768744,1.0018939971923828,[0.09344047]
786,0.1768744,0.9999070167541504,[0.09344047]
787,0.1768744,0.9920010566711426,[0.09344047]
788,0.1768744,0.9959766864776611,[0.09344047]
789,0.1768744,0.9780261516571045,[0.09344047]
790,0.1768744,1.04443359375,[0.09344047]
791,0.1768744,1.0093286037445068,[0.09344047]
792,0.1768744,1.021270990371704,[0.09344047]
793,0.1768744,0.9867970943450928,[0.09344047]
794,0.1768744,1.0247995853424072,[0.09344047]
795,0.1768744,1.0427651405334473,[0.09344047]
796,0.1768744,3.424028158187866,[0.09344047]
797,0.1768744,1.0487732887268066,[0.09344047]
798,0.1768744,1.010692834854126,[0.09344047]
799,0.1768744,1.0281639099121094,[0.09344047]
800,0.1768744,1.054302453994751,[0.09344047]
801,0.1768744,1.025378942489624,[0.09344047]
802,0.1768744,0.998751163482666,[0.09344047]
803,0.1768744,1.055908203125,[0.09344047]
804,0.1768744,1.010152816772461,[0.09344047]
805,0.1768744,1.0115840435028076,[0.09344047]
806,0.1768744,1.007979393005371,[0.09344047]
807,0.1768744,1.0216639041900635,[0.09344047]
808,0.1768744,1.0537159442901611,[0.09344047]
809,0.1768744,1.0326659679412842,[0.09344047]
810,0.1768744,0.9871790409088135,[0.09344047]
811,0.1768744,1.0013229846954346,[0.09344047]
812,0.1768744,1.05733323097229,[0.09344047]
813,0.1768744,1.060481071472168,[0.09344047]
814,0.1768744,1.002779245376587,[0.09344047]
815,0.1768744,0.9762814044952393,[0.09344047]
816,0.1768744,1.0501480102539062,[0.09344047]
817,0.1768744,0.9797449111938477,[0.09344047]
818,0.1768744,1.0855224132537842,[0.09344047]
819,0.1768744,1.0067975521087646,[0.09344047]
820,0.1768744,1.0389683246612549,[0.09344047]
821,0.1768744,1.030580759048462,[0.09344047]
822,0.1768744,0.9895243644714355,[0.09344047]
823,0.1768744,0.9954376220703125,[0.09344047]
824,0.1768744,0.9717698097229004,[0.09344047]
825,0.1768744,0.9912950992584229,[0.09344047]
826,0.1768744,0.9936099052429199,[0.09344047]
827,0.1768744,1.007481575012207,[0.09344047]
828,0.1768744,1.0272080898284912,[0.09344047]
829,0.1768744,1.0622363090515137,[0.09344047]
830,0.1768744,1.0354697704315186,[0.09344047]
831,0.1768744,1.0649919509887695,[0.09344047]
832,0.1768744,0.9728760719299316,[0.09344047]
833,0.1768744,1.0107073783874512,[0.09344047]
834,0.1768744,1.0380640029907227,[0.09344047]
835,0.1768744,1.0159504413604736,[0.09344047]
836,0.1768744,1.034499168395996,[0.09344047]
837,0.1768744,1.0389926433563232,[0.09344047]
838,0.1768744,1.0057964324951172,[0.09344047]
839,0.1768744,0.9874958992004395,[0.09344047]
840,0.1768744,0.9957418441772461,[0.09344047]
841,0.1768744,0.9810607433319092,[0.09344047]
842,0.1768744,1.0024492740631104,[0.09344047]
843,0.1768744,1.0166332721710205,[0.09344047]
844,0.1768744,0.9638617038726807,[0.09344047]
845,0.1768744,1.041929006576538,[0.09344047]
846,0.1768744,1.012037992477417,[0.09344047]
847,0.1768744,1.0206632614135742,[0.09344047]
848,0.1768744,0.976421594619751,[0.09344047]
849,0.1768744,0.9881525039672852,[0.09344047]
850,0.1768744,0.9882760047912598,[0.09344047]
851,0.1768744,1.0197103023529053,[0.09344047]
852,0.1768744,1.0122084617614746,[0.09344047]
853,0.1768744,1.0071344375610352,[0.09344047]
854,0.1768744,0.9999136924743652,[0.09344047]
855,0.1768744,0.9902732372283936,[0.09344047]
856,0.1768744,1.0669331550598145,[0.09344047]
857,0.1768744,1.027191162109375,[0.09344047]
858,0.1768744,1.0055034160614014,[0.09344047]
859,0.1768744,1.0030028820037842,[0.09344047]
860,0.1768744,0.9820964336395264,[0.09344047]
861,0.1768744,1.0376055240631104,[0.09344047]
862,0.1768744,1.005164623260498,[0.09344047]
863,0.1768744,1.019824504852295,[0.09344047]
864,0.1768744,0.9975066184997559,[0.09344047]
865,0.1768744,1.008148431777954,[0.09344047]
866,0.1768744,1.0293092727661133,[0.09344047]
867,0.1768744,1.0366249084472656,[0.09344047]
868,0.1768744,1.017930507659912,[0.09344047]
869,0.1768744,1.0718705654144287,[0.09344047]
870,0.1768744,0.9822983741760254,[0.09344047]
871,0.1768744,1.024209976196289,[0.09344047]
872,0.1768744,1.0078439712524414,[0.09344047]
873,0.1768744,0.9858036041259766,[0.09344047]
874,0.1768744,0.984602689743042,[0.09344047]
875,0.1768744,0.9814832210540771,[0.09344047]
876,0.1768744,1.022123098373413,[0.09344047]
877,0.1768744,0.9867944717407227,[0.09344047]
878,0.1768744,1.0426414012908936,[0.09344047]
879,0.1768744,1.01240873336792,[0.09344047]
880,0.1768744,1.057054042816162,[0.09344047]
881,0.1768744,1.089139699935913,[0.09344047]
882,0.1768744,0.999300479888916,[0.09344047]
883,0.1768744,3.4522206783294678,[0.09344047]
884,0.1768744,0.9930002689361572,[0.09344047]
885,0.1768744,0.9859952926635742,[0.09344047]
886,0.1768744,1.014864444732666,[0.09344047]
887,0.1768744,1.020270586013794,[0.09344047]
888,0.1768744,1.0452520847320557,[0.09344047]
889,0.1768744,1.055654764175415,[0.09344047]
890,0.1768744,0.9994752407073975,[0.09344047]
891,0.1768744,1.004183053970337,[0.09344047]
892,0.1768744,1.0213654041290283,[0.09344047]
893,0.1768744,0.978111982345581,[0.09344047]
894,0.1768744,0.9656982421875,[0.09344047]
895,0.1768744,0.9755208492279053,[0.09344047]
896,0.1768744,1.0155863761901855,[0.09344047]
897,0.1768744,1.0165584087371826,[0.09344047]
898,0.1768744,1.0454127788543701,[0.09344047]
899,0.1768744,1.0518770217895508,[0.09344047]
900,0.1768744,1.025803565979004,[0.09344047]
901,0.1768744,0.9945123195648193,[0.09344047]
902,0.1768744,1.0408518314361572,[0.09344047]
903,0.1768744,0.9810521602630615,[0.09344047]
904,0.1768744,1.0171067714691162,[0.09344047]
905,0.1768744,1.0313847064971924,[0.09344047]
906,0.1768744,1.0154449939727783,[0.09344047]
907,0.1768744,0.9975147247314453,[0.09344047]
908,0.1768744,1.0106768608093262,[0.09344047]
909,0.1768744,1.0339539051055908,[0.09344047]
910,0.1768744,1.0310683250427246,[0.09344047]
911,0.1768744,1.027848720550537,[0.09344047]
912,0.1768744,1.008274793624878,[0.09344047]
913,0.1768744,1.036045789718628,[0.09344047]
914,0.1768744,1.0390667915344238,[0.09344047]
915,0.1768744,0.9824025630950928,[0.09344047]
916,0.1768744,0.990485429763794,[0.09344047]
917,0.1768744,0.9620778560638428,[0.09344047]
918,0.1768744,0.964268684387207,[0.09344047]
919,0.1768744,0.989361047744751,[0.09344047]
920,0.1768744,0.9891834259033203,[0.09344047]
921,0.1768744,0.998183012008667,[0.09344047]
922,0.1768744,1.0323486328125,[0.09344047]
923,0.1768744,1.0356171131134033,[0.09344047]
924,0.1768744,1.0481641292572021,[0.09344047]
925,0.1768744,0.9794347286224365,[0.09344047]
926,0.1768744,1.0518124103546143,[0.09344047]
927,0.1768744,0.9779417514801025,[0.09344047]
928,0.1768744,1.0407142639160156,[0.09344047]
929,0.1768744,0.9961748123168945,[0.09344047]
930,0.1768744,1.0065462589263916,[0.09344047]
931,0.1768744,1.010805606842041,[0.09344047]
932,0.1768744,1.0166049003601074,[0.09344047]
933,0.1768744,1.0199732780456543,[0.09344047]
934,0.1768744,0.9994266033172607,[0.09344047]
935,0.1768744,1.0029585361480713,[0.09344047]
936,0.1768744,0.9512689113616943,[0.09344047]
937,0.1768744,0.9760587215423584,[0.09344047]
938,0.1768744,1.002608299255371,[0.09344047]
939,0.1768744,1.0655722618103027,[0.09344047]
940,0.1768744,1.0471789836883545,[0.09344047]
941,0.1768744,1.0206198692321777,[0.09344047]
942,0.1768744,1.0189378261566162,[0.09344047]
943,0.1768744,1.0241806507110596,[0.09344047]
944,0.1768744,1.002617359161377,[0.09344047]
945,0.1768744,1.0560848712921143,[0.09344047]
946,0.1768744,0.9727694988250732,[0.09344047]
947,0.1768744,1.0313098430633545,[0.09344047]
948,0.1768744,0.9926681518554688,[0.09344047]
949,0.1768744,1.0575132369995117,[0.09344047]
950,0.1768744,0.9946212768554688,[0.09344047]
951,0.1768744,1.0034165382385254,[0.09344047]
952,0.1768744,1.0501832962036133,[0.09344047]
953,0.1768744,1.030686378479004,[0.09344047]
954,0.1768744,1.0387957096099854,[0.09344047]
955,0.1768744,0.9995524883270264,[0.09344047]
956,0.1768744,0.9780511856079102,[0.09344047]
957,0.1768744,1.0622305870056152,[0.09344047]
958,0.1768744,0.9845209121704102,[0.09344047]
959,0.1768744,1.0451505184173584,[0.09344047]
960,0.1768744,1.0273451805114746,[0.09344047]
961,0.1768744,1.0763914585113525,[0.09344047]
962,0.1768744,1.0133812427520752,[0.09344047]
963,0.1768744,1.0060880184173584,[0.09344047]
964,0.1768744,0.9788169860839844,[0.09344047]
965,0.1768744,0.9824204444885254,[0.09344047]
966,0.1768744,1.0127813816070557,[0.09344047]
967,0.1768744,1.0486395359039307,[0.09344047]
968,0.1768744,0.9766249656677246,[0.09344047]
969,0.1768744,3.43182373046875,[0.09344047]
970,0.1768744,0.9704446792602539,[0.09344047]
971,0.1768744,0.9825732707977295,[0.09344047]
972,0.1768744,1.0102460384368896,[0.09344047]
973,0.1768744,1.0150549411773682,[0.09344047]
974,0.1768744,0.9996206760406494,[0.09344047]
975,0.1768744,1.0008883476257324,[0.09344047]
976,0.1768744,1.0418164730072021,[0.09344047]
977,0.1768744,1.0265963077545166,[0.09344047]
978,0.1768744,1.047823190689087,[0.09344047]
979,0.1768744,0.9938595294952393,[0.09344047]
980,0.1768744,0.9906723499298096,[0.09344047]
981,0.1768744,0.9980270862579346,[0.09344047]
982,0.1768744,1.0313775539398193,[0.09344047]
983,0.1768744,1.0191330909729004,[0.09344047]
984,0.1768744,0.9912266731262207,[0.09344047]
985,0.1768744,1.0148205757141113,[0.09344047]
986,0.1768744,1.0214323997497559,[0.09344047]
987,0.1768744,1.0536775588989258,[0.09344047]
988,0.1768744,1.0081074237823486,[0.09344047]
989,0.1768744,1.0336251258850098,[0.09344047]
990,0.1768744,0.941554069519043,[0.09344047]
991,0.1768744,1.015864372253418,[0.09344047]
992,0.1768744,1.0215661525726318,[0.09344047]
993,0.1768744,1.011293888092041,[0.09344047]
994,0.1768744,1.005953311920166,[0.09344047]
995,0.1768744,0.9817886352539062,[0.09344047]
996,0.1768744,1.012249231338501,[0.09344047]
997,0.1768744,1.0138072967529297,[0.09344047]
998,0.1768744,1.0373692512512207,[0.09344047]
999,0.1768744,0.9980084896087646,[0.09344047]
1000,0.1768744,0.9827568531036377,[0.09344047]
1001,0.1768744,1.0096056461334229,[0.09344047]
1002,0.1768744,1.0000040531158447,[0.09344047]
1003,0.1768744,1.057506799697876,[0.09344047]
1004,0.1768744,0.9919483661651611,[0.09344047]
1005,0.1768744,1.0191519260406494,[0.09344047]
1006,0.1768744,1.033179759979248,[0.09344047]
1007,0.1768744,1.0161969661712646,[0.09344047]
1008,0.1768744,0.9891350269317627,[0.09344047]
1009,0.1768744,1.0145537853240967,[0.09344047]
1010,0.1768744,1.0238103866577148,[0.09344047]
1011,0.1768744,0.982041597366333,[0.09344047]
1012,0.1768744,0.9936540126800537,[0.09344047]
1013,0.1768744,1.0240631103515625,[0.09344047]
1014,0.1768744,0.9809339046478271,[0.09344047]
1015,0.1768744,1.013148307800293,[0.09344047]
1016,0.1768744,1.0453660488128662,[0.09344047]
1017,0.1768744,1.0282390117645264,[0.09344047]
1018,0.1768744,1.0576989650726318,[0.09344047]
1019,0.1768744,1.0118670463562012,[0.09344047]
1020,0.1768744,0.990272045135498,[0.09344047]
1021,0.1768744,1.0013716220855713,[0.09344047]
1022,0.1768744,0.9930810928344727,[0.09344047]
1023,0.1768744,0.9620685577392578,[0.09344047]
1024,0.1768744,1.003502368927002,[0.09344047]
1025,0.1768744,1.005061388015747,[0.09344047]
1026,0.1768744,0.9826443195343018,[0.09344047]
1027,0.1768744,1.0150179862976074,[0.09344047]
1028,0.1768744,1.0471782684326172,[0.09344047]
1029,0.1768744,1.061232328414917,[0.09344047]
1030,0.1768744,1.0090997219085693,[0.09344047]
1031,0.1768744,1.0344836711883545,[0.09344047]
1032,0.1768744,1.0129508972167969,[0.09344047]
1033,0.1768744,0.9855141639709473,[0.09344047]
1034,0.1768744,0.9637603759765625,[0.09344047]
1035,0.1768744,1.042741060256958,[0.09344047]
1036,0.1768744,1.0034544467926025,[0.09344047]
1037,0.1768744,1.0009524822235107,[0.09344047]
1038,0.1768744,1.0011541843414307,[0.09344047]
1039,0.1768744,1.020036220550537,[0.09344047]
1040,0.1768744,1.0526978969573975,[0.09344047]
1041,0.1768744,1.044743537902832,[0.09344047]
1042,0.1768744,1.0550594329833984,[0.09344047]
1043,0.1768744,1.0623321533203125,[0.09344047]
1044,0.1768744,1.0154356956481934,[0.09344047]
1045,0.1768744,0.9958713054656982,[0.09344047]
1046,0.1768744,0.9807195663452148,[0.09344047]
1047,0.1768744,1.0328023433685303,[0.09344047]
1048,0.1768744,1.0129036903381348,[0.09344047]
1049,0.1768744,0.9961812496185303,[0.09344047]
1050,0.1768744,1.0308575630187988,[0.09344047]
1051,0.1768744,1.0245840549468994,[0.09344047]
1052,0.1768744,1.0426859855651855,[0.09344047]
1053,0.1768744,1.0106992721557617,[0.09344047]
1054,0.1768744,1.0491454601287842,[0.09344047]
1055,0.1768744,1.0094823837280273,[0.09344047]
1056,0.1768744,3.4515111446380615,[0.09344047]
1057,0.1768744,1.0750243663787842,[0.09344047]
1058,0.1768744,1.018622875213623,[0.09344047]
1059,0.1768744,0.9919486045837402,[0.09344047]
1060,0.1768744,1.0012295246124268,[0.09344047]
1061,0.1768744,1.012225866317749,[0.09344047]
1062,0.1768744,1.0135576725006104,[0.09344047]
1063,0.1768744,0.9851570129394531,[0.09344047]
1064,0.1768744,1.071080207824707,[0.09344047]
1065,0.1768744,1.0333590507507324,[0.09344047]
1066,0.1768744,1.037367820739746,[0.09344047]
1067,0.1768744,1.040907859802246,[0.09344047]
1068,0.1768744,1.024040937423706,[0.09344047]
1069,0.1768744,1.024427890777588,[0.09344047]
1070,0.1768744,0.9986476898193359,[0.09344047]
1071,0.1768744,0.9944770336151123,[0.09344047]
1072,0.1768744,0.976830244064331,[0.09344047]
1073,0.1768744,1.0209872722625732,[0.09344047]
1074,0.1768744,0.9953415393829346,[0.09344047]
1075,0.1768744,1.010308027267456,[0.09344047]
1076,0.1768744,1.0131635665893555,[0.09344047]
1077,0.1768744,1.0008587837219238,[0.09344047]
1078,0.1768744,0.970529317855835,[0.09344047]
1079,0.1768744,1.0370914936065674,[0.09344047]
1080,0.1768744,0.9905917644500732,[0.09344047]
1081,0.1768744,1.0099728107452393,[0.09344047]
1082,0.1768744,0.9696569442749023,[0.09344047]
1083,0.1768744,1.0289263725280762,[0.09344047]
1084,0.1768744,0.989971399307251,[0.09344047]
1085,0.1768744,0.9887590408325195,[0.09344047]
1086,0.1768744,1.005129337310791,[0.09344047]
1087,0.1768744,1.0448987483978271,[0.09344047]
1088,0.1768744,0.9938578605651855,[0.09344047]
1089,0.1768744,0.9973704814910889,[0.09344047]
1090,0.1768744,0.9838573932647705,[0.09344047]
1091,0.1768744,0.9981763362884521,[0.09344047]
1092,0.1768744,1.0036821365356445,[0.09344047]
1093,0.1768744,0.9967474937438965,[0.09344047]
1094,0.1768744,1.0120127201080322,[0.09344047]
1095,0.1768744,0.9833261966705322,[0.09344047]
1096,0.1768744,0.9843559265136719,[0.09344047]
1097,0.1768744,0.9984893798828125,[0.09344047]
1098,0.1768744,1.0173747539520264,[0.09344047]
1099,0.1768744,1.0004034042358398,[0.09344047]
1100,0.1768744,1.0032281875610352,[0.09344047]
1101,0.1768744,1.0410218238830566,[0.09344047]
1102,0.1768744,1.001244306564331,[0.09344047]
1103,0.1768744,0.9952850341796875,[0.09344047]
1104,0.1768744,0.9912805557250977,[0.09344047]
1105,0.1768744,0.987271785736084,[0.09344047]
1106,0.1768744,1.0433375835418701,[0.09344047]
1107,0.1768744,1.020857572555542,[0.09344047]
1108,0.1768744,1.0358107089996338,[0.09344047]
1109,0.1768744,1.0734937191009521,[0.09344047]
1110,0.1768744,1.0017516613006592,[0.09344047]
1111,0.1768744,0.9881558418273926,[0.09344047]
1112,0.1768744,1.0105633735656738,[0.09344047]
1113,0.1768744,0.9616215229034424,[0.09344047]
1114,0.1768744,0.9931426048278809,[0.09344047]
1115,0.1768744,1.001952886581421,[0.09344047]
1116,0.1768744,0.9751307964324951,[0.09344047]
1117,0.1768744,1.0020537376403809,[0.09344047]
1118,0.1768744,0.9800891876220703,[0.09344047]
1119,0.1768744,1.0154924392700195,[0.09344047]
1120,0.1768744,0.9960634708404541,[0.09344047]
1121,0.1768744,1.0582449436187744,[0.09344047]
1122,0.1768744,0.9910809993743896,[0.09344047]
1123,0.1768744,0.9908034801483154,[0.09344047]
1124,0.1768744,1.009476661682129,[0.09344047]
1125,0.1768744,0.9918010234832764,[0.09344047]
1126,0.1768744,1.0308318138122559,[0.09344047]
1127,0.1768744,1.0220158100128174,[0.09344047]
1128,0.1768744,1.035489797592163,[0.09344047]
1129,0.1768744,1.008373737335205,[0.09344047]
1130,0.1768744,0.9694366455078125,[0.09344047]
1131,0.1768744,1.0263571739196777,[0.09344047]
1132,0.1768744,1.055053472518921,[0.09344047]
1133,0.1768744,1.010312795639038,[0.09344047]
1134,0.1768744,1.0181264877319336,[0.09344047]
1135,0.1768744,0.990138053894043,[0.09344047]
1136,0.1768744,0.9966857433319092,[0.09344047]
1137,0.1768744,0.9960014820098877,[0.09344047]
1138,0.1768744,0.969792366027832,[0.09344047]
1139,0.1768744,0.9979827404022217,[0.09344047]
1140,0.1768744,1.0097987651824951,[0.09344047]
1141,0.1768744,0.9980335235595703,[0.09344047]
1142,0.1768744,1.023524522781372,[0.09344047]
1143,0.1768744,3.465228319168091,[0.09344047]
1144,0.1768744,1.0033338069915771,[0.09344047]
1145,0.1768744,0.9888777732849121,[0.09344047]
1146,0.1768744,0.9711837768554688,[0.09344047]
1147,0.1768744,0.9806594848632812,[0.09344047]
1148,0.1768744,1.0383203029632568,[0.09344047]
1149,0.1768744,1.0232210159301758,[0.09344047]
1150,0.1768744,0.9611546993255615,[0.09344047]
1151,0.1768744,1.0016145706176758,[0.09344047]
1152,0.1768744,1.0047295093536377,[0.09344047]
1153,0.1768744,0.9810514450073242,[0.09344047]
1154,0.1768744,1.0010836124420166,[0.09344047]
1155,0.1768744,1.0002179145812988,[0.09344047]
1156,0.1768744,1.005748987197876,[0.09344047]
1157,0.1768744,1.0605535507202148,[0.09344047]
1158,0.1768744,0.990105152130127,[0.09344047]
1159,0.1768744,1.0159096717834473,[0.09344047]
1160,0.1768744,0.992929220199585,[0.09344047]
1161,0.1768744,1.0187208652496338,[0.09344047]
1162,0.1768744,0.9811909198760986,[0.09344047]
1163,0.1768744,1.0375556945800781,[0.09344047]
1164,0.1768744,1.006465196609497,[0.09344047]
1165,0.1768744,1.008638620376587,[0.09344047]
1166,0.1768744,1.007042646408081,[0.09344047]
1167,0.1768744,1.0744881629943848,[0.09344047]
1168,0.1768744,1.018852949142456,[0.09344047]
1169,0.1768744,1.0447988510131836,[0.09344047]
1170,0.1768744,1.0221781730651855,[0.09344047]
1171,0.1768744,1.0055313110351562,[0.09344047]
1172,0.1768744,1.0352962017059326,[0.09344047]
1173,0.1768744,1.0250260829925537,[0.09344047]
1174,0.1768744,0.9954028129577637,[0.09344047]
1175,0.1768744,1.0078706741333008,[0.09344047]
1176,0.1768744,0.9864568710327148,[0.09344047]
1177,0.1768744,1.0249748229980469,[0.09344047]
1178,0.1768744,0.9665753841400146,[0.09344047]
1179,0.1768744,0.9730405807495117,[0.09344047]
1180,0.1768744,0.9673850536346436,[0.09344047]
1181,0.1768744,1.0059998035430908,[0.09344047]
1182,0.1768744,1.0245916843414307,[0.09344047]
1183,0.1768744,1.010849952697754,[0.09344047]
1184,0.1768744,0.9809870719909668,[0.09344047]
1185,0.1768744,1.0464746952056885,[0.09344047]
1186,0.1768744,1.0358922481536865,[0.09344047]
1187,0.1768744,1.0331370830535889,[0.09344047]
1188,0.1768744,1.0482666492462158,[0.09344047]
1189,0.1768744,1.001434326171875,[0.09344047]
1190,0.1768744,1.0022521018981934,[0.09344047]
1191,0.1768744,1.0155539512634277,[0.09344047]
1192,0.1768744,1.0180697441101074,[0.09344047]
1193,0.1768744,0.9811351299285889,[0.09344047]
1194,0.1768744,0.9905080795288086,[0.09344047]
1195,0.1768744,1.0039188861846924,[0.09344047]
1196,0.1768744,1.0028448104858398,[0.09344047]
1197,0.1768744,1.0665199756622314,[0.09344047]
1198,0.1768744,0.9736440181732178,[0.09344047]
1199,0.1768744,1.0084121227264404,[0.09344047]
1200,0.1768744,1.0261414051055908,[0.09344047]
1201,0.1768744,0.9907381534576416,[0.09344047]
1202,0.1768744,1.042734146118164,[0.09344047]
1203,0.1768744,0.9864296913146973,[0.09344047]
1204,0.1768744,0.9993753433227539,[0.09344047]
1205,0.1768744,1.0441703796386719,[0.09344047]
1206,0.1768744,1.0532474517822266,[0.09344047]
1207,0.1768744,1.075364589691162,[0.09344047]
1208,0.1768744,1.0072510242462158,[0.09344047]
1209,0.1768744,1.015735149383545,[0.09344047]
1210,0.1768744,0.9520683288574219,[0.09344047]
1211,0.1768744,0.9690330028533936,[0.09344047]
1212,0.1768744,1.0651428699493408,[0.09344047]
1213,0.1768744,1.0094165802001953,[0.09344047]
1214,0.1768744,1.049926519393921,[0.09344047]
1215,0.1768744,0.9971797466278076,[0.09344047]
1216,0.1768744,1.0198328495025635,[0.09344047]
1217,0.1768744,1.0017337799072266,[0.09344047]
1218,0.1768744,0.9982795715332031,[0.09344047]
1219,0.1768744,1.022714376449585,[0.09344047]
1220,0.1768744,1.018968105316162,[0.09344047]
1221,0.1768744,0.9883430004119873,[0.09344047]
1222,0.1768744,1.0159733295440674,[0.09344047]
1223,0.1768744,1.0190355777740479,[0.09344047]
1224,0.1768744,0.9916043281555176,[0.09344047]
1225,0.1768744,1.0767886638641357,[0.09344047]
1226,0.1768744,1.0271072387695312,[0.09344047]
1227,0.1768744,0.999295711517334,[0.09344047]
1228,0.1768744,1.0258936882019043,[0.09344047]
1229,0.1768744,1.048424243927002,[0.09344047]
1230,0.1768744,3.4208858013153076,[0.09344047]
1231,0.1768744,0.9940376281738281,[0.09344047]
1232,0.1768744,1.0218665599822998,[0.09344047]
1233,0.1768744,0.9745798110961914,[0.09344047]
1234,0.1768744,0.9896955490112305,[0.09344047]
1235,0.1768744,1.032677173614502,[0.09344047]
1236,0.1768744,1.0390045642852783,[0.09344047]
1237,0.1768744,1.0281593799591064,[0.09344047]
1238,0.1768744,0.9590573310852051,[0.09344047]
1239,0.1768744,1.0184504985809326,[0.09344047]
1240,0.1768744,0.9787428379058838,[0.09344047]
1241,0.1768744,1.0549299716949463,[0.09344047]
1242,0.1768744,1.0325374603271484,[0.09344047]
1243,0.1768744,1.022449254989624,[0.09344047]
1244,0.1768744,0.9985287189483643,[0.09344047]
1245,0.1768744,1.0386884212493896,[0.09344047]
1246,0.1768744,1.0112342834472656,[0.09344047]
1247,0.1768744,0.9809954166412354,[0.09344047]
1248,0.1768744,1.072206974029541,[0.09344047]
1249,0.1768744,0.9919195175170898,[0.09344047]
1250,0.1768744,1.0123088359832764,[0.09344047]
1251,0.1768744,1.0330862998962402,[0.09344047]
1252,0.1768744,1.0520820617675781,[0.09344047]
1253,0.1768744,0.9540178775787354,[0.09344047]
1254,0.1768744,0.9867253303527832,[0.09344047]
1255,0.1768744,1.0879852771759033,[0.09344047]
1256,0.1768744,1.0332775115966797,[0.09344047]
1257,0.1768744,1.028531789779663,[0.09344047]
1258,0.1768744,0.9729933738708496,[0.09344047]
1259,0.1768744,1.0051000118255615,[0.09344047]
1260,0.1768744,0.9823853969573975,[0.09344047]
1261,0.1768744,0.9681911468505859,[0.09344047]
1262,0.1768744,0.965338945388794,[0.09344047]
1263,0.1768744,0.9884893894195557,[0.09344047]
1264,0.1768744,1.0113680362701416,[0.09344047]
1265,0.1768744,1.0562665462493896,[0.09344047]
1266,0.1768744,1.013014554977417,[0.09344047]
1267,0.1768744,0.9858443737030029,[0.09344047]
1268,0.1768744,0.9969046115875244,[0.09344047]
1269,0.1768744,1.0116465091705322,[0.09344047]
1270,0.1768744,1.0122122764587402,[0.09344047]
1271,0.1768744,1.0190017223358154,[0.09344047]
1272,0.1768744,0.9985415935516357,[0.09344047]
1273,0.1768744,1.0323150157928467,[0.09344047]
1274,0.1768744,0.9756209850311279,[0.09344047]
1275,0.1768744,0.9717936515808105,[0.09344047]
1276,0.1768744,0.9984574317932129,[0.09344047]
1277,0.1768744,1.0000369548797607,[0.09344047]
1278,0.1768744,1.0106565952301025,[0.09344047]
1279,0.1768744,1.0183639526367188,[0.09344047]
1280,0.1768744,0.9909148216247559,[0.09344047]
1281,0.1768744,1.0149059295654297,[0.09344047]
1282,0.1768744,1.015700101852417,[0.09344047]
1283,0.1768744,0.9860012531280518,[0.09344047]
1284,0.1768744,1.0105419158935547,[0.09344047]
1285,0.1768744,0.9828410148620605,[0.09344047]
1286,0.1768744,1.0144376754760742,[0.09344047]
1287,0.1768744,1.0111560821533203,[0.09344047]
1288,0.1768744,0.965714693069458,[0.09344047]
1289,0.1768744,0.9843852519989014,[0.09344047]
1290,0.1768744,0.9579370021820068,[0.09344047]
1291,0.1768744,0.974982500076294,[0.09344047]
1292,0.1768744,0.9837069511413574,[0.09344047]
1293,0.1768744,1.0476799011230469,[0.09344047]
1294,0.1768744,0.9784965515136719,[0.09344047]
1295,0.1768744,0.9845302104949951,[0.09344047]
1296,0.1768744,1.0018932819366455,[0.09344047]
1297,0.1768744,1.0055599212646484,[0.09344047]
1298,0.1768744,0.9794611930847168,[0.09344047]
1299,0.1768744,1.0085887908935547,[0.09344047]
1300,0.1768744,0.9725127220153809,[0.09344047]
1301,0.1768744,1.0000579357147217,[0.09344047]
1302,0.1768744,0.9721217155456543,[0.09344047]
1303,0.1768744,1.0441596508026123,[0.09344047]
1304,0.1768744,1.0060932636260986,[0.09344047]
1305,0.1768744,1.0532755851745605,[0.09344047]
1306,0.1768744,1.0453152656555176,[0.09344047]
1307,0.1768744,1.0047399997711182,[0.09344047]
1308,0.1768744,1.0350964069366455,[0.09344047]
1309,0.1768744,1.0328476428985596,[0.09344047]
1310,0.1768744,1.062018632888794,[0.09344047]
1311,0.1768744,1.0200932025909424,[0.09344047]
1312,0.1768744,1.0041067600250244,[0.09344047]
1313,0.1768744,0.9877097606658936,[0.09344047]
1314,0.1768744,0.9810173511505127,[0.09344047]
1315,0.1768744,1.0369329452514648,[0.09344047]
1316,0.1768744,1.0869941711425781,[0.09344047]
1317,0.1768744,3.479132890701294,[0.09344047]
1318,0.1768744,1.0324876308441162,[0.09344047]
1319,0.1768744,1.0409822463989258,[0.09344047]
1320,0.1768744,1.039236307144165,[0.09344047]
1321,0.1768744,0.9780793190002441,[0.09344047]
1322,0.1768744,0.9892394542694092,[0.09344047]
1323,0.1768744,1.0492281913757324,[0.09344047]
1324,0.1768744,1.0372722148895264,[0.09344047]
1325,0.1768744,0.990459680557251,[0.09344047]
1326,0.17725724,1.009474754333496,[0.0989303]
1327,0.17725724,1.0162343978881836,[0.0989303]
1328,0.17725724,1.032620906829834,[0.0989303]
1329,0.17725724,1.0164411067962646,[0.0989303]
1330,0.17725724,1.0075931549072266,[0.0989303]
1331,0.17725724,1.0743224620819092,[0.0989303]
1332,0.17725724,1.0163898468017578,[0.0989303]
1333,0.17725724,1.066521406173706,[0.0989303]
1334,0.17725724,1.0258049964904785,[0.0989303]
1335,0.17725724,1.0169529914855957,[0.0989303]
1336,0.17725724,1.0153589248657227,[0.0989303]
1337,0.17725724,1.0224173069000244,[0.0989303]
1338,0.17725724,1.0378124713897705,[0.0989303]
1339,0.17725724,1.0242023468017578,[0.0989303]
1340,0.17725724,0.9542837142944336,[0.0989303]
1341,0.17725724,1.0280921459197998,[0.0989303]
1342,0.17725724,1.0289638042449951,[0.0989303]
1343,0.17725724,1.0036554336547852,[0.0989303]
1344,0.17725724,1.0359554290771484,[0.0989303]
1345,0.17725724,1.0567905902862549,[0.0989303]
1346,0.17725724,1.0169012546539307,[0.0989303]
1347,0.17725724,1.0372774600982666,[0.0989303]
1348,0.17725724,1.0037946701049805,[0.0989303]
1349,0.17725724,1.0520145893096924,[0.0989303]
1350,0.17725724,1.0165987014770508,[0.0989303]
1351,0.17725724,1.0273864269256592,[0.0989303]
1352,0.17725724,1.0594265460968018,[0.0989303]
1353,0.17725724,1.0036039352416992,[0.0989303]
1354,0.17725724,0.9835424423217773,[0.0989303]
1355,0.17725724,0.9977858066558838,[0.0989303]
1356,0.17725724,1.0105078220367432,[0.0989303]
1357,0.17725724,1.004913568496704,[0.0989303]
1358,0.17725724,1.0106565952301025,[0.0989303]
1359,0.17725724,1.0631182193756104,[0.0989303]
1360,0.17725724,1.0014348030090332,[0.0989303]
1361,0.17725724,1.0413331985473633,[0.0989303]
1362,0.17725724,1.0254769325256348,[0.0989303]
1363,0.17725724,1.015712022781372,[0.0989303]
1364,0.17725724,1.0224988460540771,[0.0989303]
1365,0.17725724,0.9882705211639404,[0.0989303]
1366,0.17725724,0.9898605346679688,[0.0989303]
1367,0.17725724,1.0267333984375,[0.0989303]
1368,0.17725724,1.0452229976654053,[0.0989303]
1369,0.17725724,1.0003173351287842,[0.0989303]
1370,0.17725724,1.0095152854919434,[0.0989303]
1371,0.17725724,1.0076954364776611,[0.0989303]
1372,0.17725724,1.0063605308532715,[0.0989303]
1373,0.17725724,1.0315353870391846,[0.0989303]
1374,0.17725724,1.067310094833374,[0.0989303]
1375,0.17725724,1.0297164916992188,[0.0989303]
1376,0.17725724,1.0270624160766602,[0.0989303]
1377,0.17725724,1.0264027118682861,[0.0989303]
1378,0.17725724,0.978853702545166,[0.0989303]
1379,0.17725724,1.0202009677886963,[0.0989303]
1380,0.17725724,0.989372968673706,[0.0989303]
1381,0.17725724,1.0885257720947266,[0.0989303]
1382,0.17725724,0.995213508605957,[0.0989303]
1383,0.17725724,1.066643238067627,[0.0989303]
1384,0.17725724,1.0316545963287354,[0.0989303]
1385,0.17725724,0.980877161026001,[0.0989303]
1386,0.17725724,1.0084705352783203,[0.0989303]
1387,0.17725724,1.0632274150848389,[0.0989303]
1388,0.17725724,1.0480706691741943,[0.0989303]
1389,0.17725724,1.0507004261016846,[0.0989303]
1390,0.17725724,1.0261571407318115,[0.0989303]
1391,0.17725724,1.037506341934204,[0.0989303]
1392,0.17725724,0.9747376441955566,[0.0989303]
1393,0.17725724,1.0196897983551025,[0.0989303]
1394,0.17725724,1.0691227912902832,[0.0989303]
1395,0.17725724,1.0209062099456787,[0.0989303]
1396,0.17725724,1.0426983833312988,[0.0989303]
1397,0.17725724,1.0026988983154297,[0.0989303]
1398,0.17725724,1.00099515914917,[0.0989303]
1399,0.17725724,1.0221259593963623,[0.0989303]
1400,0.17725724,1.0430388450622559,[0.0989303]
1401,0.17725724,1.053269863128662,[0.0989303]
1402,0.17725724,1.0332872867584229,[0.0989303]
1403,0.17725724,1.0299351215362549,[0.0989303]
1404,0.17725724,3.5159831047058105,[0.0989303]
1405,0.17725724,1.0365259647369385,[0.0989303]
1406,0.17725724,1.032144546508789,[0.0989303]
1407,0.17725724,0.9998109340667725,[0.0989303]
1408,0.17725724,1.012904167175293,[0.0989303]
1409,0.17725724,1.0334157943725586,[0.0989303]
1410,0.17725724,1.0201449394226074,[0.0989303]
1411,0.17725724,1.0126721858978271,[0.0989303]
1412,0.17725724,1.0015301704406738,[0.0989303]
1413,0.17725724,1.0133724212646484,[0.0989303]
1414,0.17725724,1.020799160003662,[0.0989303]
1415,0.17725724,1.0115532875061035,[0.0989303]
1416,0.17725724,1.0026881694793701,[0.0989303]
1417,0.17725724,1.0381662845611572,[0.0989303]
1418,0.17725724,1.0374526977539062,[0.0989303]
1419,0.17725724,1.025444746017456,[0.0989303]
1420,0.17725724,1.0221021175384521,[0.0989303]
1421,0.17725724,1.0163793563842773,[0.0989303]
1422,0.17725724,1.0248734951019287,[0.0989303]
1423,0.17725724,1.0083746910095215,[0.0989303]
1424,0.17725724,1.0040700435638428,[0.0989303]
1425,0.17725724,1.004643201828003,[0.0989303]
1426,0.17725724,0.9880692958831787,[0.0989303]
1427,0.17725724,1.0040998458862305,[0.0989303]
1428,0.17725724,1.0550971031188965,[0.0989303]
1429,0.17725724,1.02101469039917,[0.0989303]
1430,0.17725724,1.0230717658996582,[0.0989303]
1431,0.17725724,1.0153160095214844,[0.0989303]
1432,0.17725724,1.0115880966186523,[0.0989303]
1433,0.17725724,1.026494026184082,[0.0989303]
1434,0.17725724,1.0041637420654297,[0.0989303]
1435,0.17725724,1.0239012241363525,[0.0989303]
1436,0.17725724,1.0138068199157715,[0.0989303]
1437,0.17725724,1.0251598358154297,[0.0989303]
1438,0.17725724,1.0274810791015625,[0.0989303]
1439,0.17725724,1.0091118812561035,[0.0989303]
1440,0.17725724,1.0144658088684082,[0.0989303]
1441,0.17725724,0.9976193904876709,[0.0989303]
1442,0.17725724,0.9988117218017578,[0.0989303]
1443,0.17725724,1.014516830444336,[0.0989303]
1444,0.17725724,1.0222384929656982,[0.0989303]
1445,0.17725724,1.0211255550384521,[0.0989303]
1446,0.17725724,0.9958765506744385,[0.0989303]
1447,0.17725724,1.0108425617218018,[0.0989303]
1448,0.17725724,1.0477089881896973,[0.0989303]
1449,0.17725724,1.010937213897705,[0.0989303]
1450,0.17725724,1.02852463722229,[0.0989303]
1451,0.17725724,1.022120714187622,[0.0989303]
1452,0.17725724,1.0187249183654785,[0.0989303]
1453,0.17725724,1.040389060974121,[0.0989303]
1454,0.17725724,1.01993989944458,[0.0989303]
1455,0.17725724,1.014725685119629,[0.0989303]
1456,0.17725724,1.0388615131378174,[0.0989303]
1457,0.17725724,1.0342659950256348,[0.0989303]
1458,0.17725724,0.9799187183380127,[0.0989303]
1459,0.17725724,1.0273659229278564,[0.0989303]
1460,0.17725724,1.0556776523590088,[0.0989303]
1461,0.17725724,1.0200457572937012,[0.0989303]
1462,0.17725724,0.9836771488189697,[0.0989303]
1463,0.17725724,1.0165655612945557,[0.0989303]
1464,0.17725724,1.0306520462036133,[0.0989303]
1465,0.17725724,1.0478966236114502,[0.0989303]
1466,0.17725724,1.008100986480713,[0.0989303]
1467,0.17725724,1.0162100791931152,[0.0989303]
1468,0.17725724,1.0363643169403076,[0.0989303]
1469,0.17725724,1.0722103118896484,[0.0989303]
1470,0.17725724,1.0052855014801025,[0.0989303]
1471,0.17725724,1.0664103031158447,[0.0989303]
1472,0.17725724,0.9732294082641602,[0.0989303]
1473,0.17725724,1.0011038780212402,[0.0989303]
1474,0.17725724,0.9984476566314697,[0.0989303]
1475,0.17725724,1.0419342517852783,[0.0989303]
1476,0.17725724,1.008507490158081,[0.0989303]
1477,0.17725724,1.0028715133666992,[0.0989303]
1478,0.17725724,1.0154368877410889,[0.0989303]
1479,0.17725724,1.0274755954742432,[0.0989303]
1480,0.17725724,1.0467588901519775,[0.0989303]
1481,0.17725724,1.028099536895752,[0.0989303]
1482,0.17725724,1.090287446975708,[0.0989303]
1483,0.17725724,1.0473299026489258,[0.0989303]
1484,0.17725724,0.9955918788909912,[0.0989303]
1485,0.17725724,1.029106616973877,[0.0989303]
1486,0.17725724,1.008171558380127,[0.0989303]
1487,0.17725724,1.0101516246795654,[0.0989303]
1488,0.17725724,1.0845191478729248,[0.0989303]
1489,0.17725724,1.0054171085357666,[0.0989303]
1490,0.17725724,0.9915614128112793,[0.0989303]
1491,0.17725724,3.472005605697632,[0.0989303]
1492,0.17725724,1.0191287994384766,[0.0989303]
1493,0.17725724,0.9962918758392334,[0.0989303]
1494,0.17725724,0.9698033332824707,[0.0989303]
1495,0.17725724,0.9990363121032715,[0.0989303]
1496,0.17725724,0.9969265460968018,[0.0989303]
1497,0.17725724,1.01816987991333,[0.0989303]
1498,0.17725724,0.9983780384063721,[0.0989303]
1499,0.17725724,1.010667324066162,[0.0989303]
