iteration,max_fitness,time,test_accuracy
0,-11.863695,0.0,-10.080879
1,-1.8848345,1.3963866233825684,[-2.4712417]
2,-1.8848345,1.478276014328003,[-2.4712417]
3,-1.2000289,4.781633377075195,[-1.7827082]
4,-1.0101013,1.4032278060913086,[-1.5644469]
5,-1.0101013,1.3626365661621094,[-1.5644469]
6,-1.0101013,1.3710548877716064,[-1.5644469]
7,-0.9213997,1.455225944519043,[-1.2905977]
8,0.008535266,1.3530128002166748,[-0.07832348]
9,0.008535266,1.3557827472686768,[-0.07832348]
10,0.008535266,1.388000249862671,[-0.07832348]
11,0.008535266,1.3551397323608398,[-0.07832348]
12,0.008535266,1.4345548152923584,[-0.07832348]
13,0.008535266,1.3973228931427002,[-0.07832348]
14,0.008535266,1.3826138973236084,[-0.07832348]
15,0.008535266,1.390655279159546,[-0.07832348]
16,0.008535266,1.3753693103790283,[-0.07832348]
17,0.008535266,1.385150671005249,[-0.07832348]
18,0.008535266,1.3475587368011475,[-0.07832348]
19,0.008535266,1.3616883754730225,[-0.07832348]
20,0.008535266,1.383338212966919,[-0.07832348]
21,0.008535266,1.4571526050567627,[-0.07832348]
22,0.008535266,1.438685655593872,[-0.07832348]
23,0.008535266,1.335507869720459,[-0.07832348]
24,0.008535266,1.4082999229431152,[-0.07832348]
25,0.008535266,1.3592143058776855,[-0.07832348]
26,0.008535266,1.3408184051513672,[-0.07832348]
27,0.008535266,1.4330217838287354,[-0.07832348]
28,0.008535266,1.3487203121185303,[-0.07832348]
29,0.008535266,1.4278504848480225,[-0.07832348]
30,0.008535266,1.354949951171875,[-0.07832348]
31,0.008535266,1.4166193008422852,[-0.07832348]
32,0.008535266,1.3186891078948975,[-0.07832348]
33,0.008535266,1.2821033000946045,[-0.07832348]
34,0.008535266,1.3693037033081055,[-0.07832348]
35,0.008535266,1.351231336593628,[-0.07832348]
36,0.008535266,1.3951466083526611,[-0.07832348]
37,0.008535266,1.3674609661102295,[-0.07832348]
38,0.008535266,1.354919195175171,[-0.07832348]
39,0.008535266,1.436305284500122,[-0.07832348]
40,0.008535266,1.3677411079406738,[-0.07832348]
41,0.008535266,1.4399020671844482,[-0.07832348]
42,0.008535266,1.3640198707580566,[-0.07832348]
43,0.008535266,1.322812795639038,[-0.07832348]
44,0.008535266,1.3700952529907227,[-0.07832348]
45,0.008535266,1.3683791160583496,[-0.07832348]
46,0.008535266,1.446791648864746,[-0.07832348]
47,0.008535266,1.3412797451019287,[-0.07832348]
48,0.008535266,1.4218997955322266,[-0.07832348]
49,0.008535266,1.3873472213745117,[-0.07832348]
50,0.008535266,1.3710052967071533,[-0.07832348]
51,0.008535266,1.3626768589019775,[-0.07832348]
52,0.008535266,1.3546347618103027,[-0.07832348]
53,0.008535266,1.3999860286712646,[-0.07832348]
54,0.008535266,1.4009439945220947,[-0.07832348]
55,0.008535266,1.3549761772155762,[-0.07832348]
56,0.008535266,1.3964426517486572,[-0.07832348]
57,0.008535266,1.3303108215332031,[-0.07832348]
58,0.008535266,1.358637809753418,[-0.07832348]
59,0.008535266,1.3617746829986572,[-0.07832348]
60,0.008535266,1.312039852142334,[-0.07832348]
61,0.008535266,1.3875365257263184,[-0.07832348]
62,0.008535266,1.3694941997528076,[-0.07832348]
63,0.008535266,1.4074556827545166,[-0.07832348]
64,0.008535266,1.4019567966461182,[-0.07832348]
65,0.008535266,1.3614957332611084,[-0.07832348]
66,0.058279693,1.4037010669708252,[-0.00089121]
67,0.058279693,1.3538620471954346,[-0.00089121]
68,0.058279693,1.3365895748138428,[-0.00089121]
69,0.058279693,1.319014549255371,[-0.00089121]
70,0.058279693,1.3882699012756348,[-0.00089121]
71,0.058279693,1.3854904174804688,[-0.00089121]
72,0.058279693,1.468015193939209,[-0.00089121]
73,0.058279693,1.4356575012207031,[-0.00089121]
74,0.058279693,1.3635873794555664,[-0.00089121]
75,0.058279693,1.38250732421875,[-0.00089121]
76,0.058279693,1.4134325981140137,[-0.00089121]
77,0.058279693,1.3742938041687012,[-0.00089121]
78,0.07143086,1.4180409908294678,[-0.10386872]
79,0.07143086,1.335249423980713,[-0.10386872]
80,0.07143086,1.4101097583770752,[-0.10386872]
81,0.07143086,1.407357931137085,[-0.10386872]
82,0.07143086,1.4141104221343994,[-0.10386872]
83,0.07143086,1.3865411281585693,[-0.10386872]
84,0.07143086,1.389096736907959,[-0.10386872]
85,0.07143086,1.397634506225586,[-0.10386872]
86,0.07143086,1.3635029792785645,[-0.10386872]
87,0.07143086,1.413071870803833,[-0.10386872]
88,0.07143086,1.37442946434021,[-0.10386872]
89,0.07143086,1.3853228092193604,[-0.10386872]
90,0.07143086,1.3991460800170898,[-0.10386872]
91,0.07143086,1.33040189743042,[-0.10386872]
92,0.07143086,4.78142786026001,[-0.10386872]
93,0.07143086,1.398770809173584,[-0.10386872]
94,0.07143086,1.3676848411560059,[-0.10386872]
95,0.07143086,1.4193229675292969,[-0.10386872]
96,0.07143086,1.3820216655731201,[-0.10386872]
97,0.07143086,1.4228293895721436,[-0.10386872]
98,0.07143086,1.4021353721618652,[-0.10386872]
99,0.07143086,1.3497321605682373,[-0.10386872]
100,0.07143086,1.3892431259155273,[-0.10386872]
101,0.07143086,1.3546514511108398,[-0.10386872]
102,0.07143086,1.4320969581604004,[-0.10386872]
103,0.07143086,1.408142328262329,[-0.10386872]
104,0.07143086,1.3837907314300537,[-0.10386872]
105,0.07143086,1.41975998878479,[-0.10386872]
106,0.07143086,1.403486967086792,[-0.10386872]
107,0.07143086,1.4110941886901855,[-0.10386872]
108,0.07143086,1.3434536457061768,[-0.10386872]
109,0.07143086,1.4085361957550049,[-0.10386872]
110,0.07143086,1.4096260070800781,[-0.10386872]
111,0.07143086,1.3666958808898926,[-0.10386872]
112,0.07143086,1.3845038414001465,[-0.10386872]
113,0.07143086,1.3917005062103271,[-0.10386872]
114,0.07143086,1.3803279399871826,[-0.10386872]
115,0.07143086,1.390578031539917,[-0.10386872]
116,0.07143086,1.3950622081756592,[-0.10386872]
117,0.07143086,1.4462907314300537,[-0.10386872]
118,0.07143086,1.3599915504455566,[-0.10386872]
119,0.07143086,1.380181074142456,[-0.10386872]
120,0.07143086,1.4090847969055176,[-0.10386872]
121,0.07143086,1.3367023468017578,[-0.10386872]
122,0.07143086,1.40608811378479,[-0.10386872]
123,0.07143086,1.3625338077545166,[-0.10386872]
124,0.07143086,1.4068644046783447,[-0.10386872]
125,0.07143086,1.3877229690551758,[-0.10386872]
126,0.07143086,1.3505797386169434,[-0.10386872]
127,0.07143086,1.38836669921875,[-0.10386872]
128,0.07143086,1.3950560092926025,[-0.10386872]
129,0.07143086,1.355029582977295,[-0.10386872]
130,0.07143086,1.3760240077972412,[-0.10386872]
131,0.07143086,1.4048373699188232,[-0.10386872]
132,0.07143086,1.4114184379577637,[-0.10386872]
133,0.07143086,1.3345377445220947,[-0.10386872]
134,0.07143086,1.3603661060333252,[-0.10386872]
135,0.07143086,1.350454568862915,[-0.10386872]
136,0.07143086,1.3264973163604736,[-0.10386872]
137,0.07143086,1.4005491733551025,[-0.10386872]
138,0.07143086,1.3289413452148438,[-0.10386872]
139,0.07143086,1.4217331409454346,[-0.10386872]
140,0.07143086,1.3619611263275146,[-0.10386872]
141,0.07143086,1.3695156574249268,[-0.10386872]
142,0.07143086,1.407217264175415,[-0.10386872]
143,0.07143086,1.3767518997192383,[-0.10386872]
144,0.07143086,1.3882136344909668,[-0.10386872]
145,0.07143086,1.3960621356964111,[-0.10386872]
146,0.07143086,1.382826566696167,[-0.10386872]
147,0.07143086,1.4105806350708008,[-0.10386872]
148,0.07143086,1.3849003314971924,[-0.10386872]
149,0.07143086,1.3875799179077148,[-0.10386872]
150,0.07143086,1.3809399604797363,[-0.10386872]
151,0.07143086,1.35868501663208,[-0.10386872]
152,0.07143086,1.3818817138671875,[-0.10386872]
153,0.07143086,1.4252467155456543,[-0.10386872]
154,0.07143086,1.3729381561279297,[-0.10386872]
155,0.07143086,1.394256591796875,[-0.10386872]
156,0.07143086,1.3400185108184814,[-0.10386872]
157,0.07143086,1.3663430213928223,[-0.10386872]
158,0.07143086,1.359752893447876,[-0.10386872]
159,0.07143086,1.3968226909637451,[-0.10386872]
160,0.07143086,1.358191967010498,[-0.10386872]
161,0.07143086,1.3994355201721191,[-0.10386872]
162,0.07143086,1.387662649154663,[-0.10386872]
163,0.07143086,1.4163074493408203,[-0.10386872]
164,0.07143086,1.4482789039611816,[-0.10386872]
165,0.07143086,1.3613996505737305,[-0.10386872]
166,0.07143086,1.3623733520507812,[-0.10386872]
167,0.07143086,1.2725193500518799,[-0.10386872]
168,0.07143086,1.3605265617370605,[-0.10386872]
169,0.07143086,1.4025685787200928,[-0.10386872]
170,0.07143086,1.3997838497161865,[-0.10386872]
171,0.07143086,1.356497049331665,[-0.10386872]
172,0.07143086,1.3502757549285889,[-0.10386872]
173,0.07143086,1.3703083992004395,[-0.10386872]
174,0.07143086,1.4033942222595215,[-0.10386872]
175,0.07143086,1.335648536682129,[-0.10386872]
176,0.07143086,1.4023199081420898,[-0.10386872]
177,0.07143086,1.3619203567504883,[-0.10386872]
178,0.07143086,1.372570276260376,[-0.10386872]
179,0.07143086,1.357032299041748,[-0.10386872]
180,0.07143086,1.394005537033081,[-0.10386872]
181,0.07143086,1.3615832328796387,[-0.10386872]
182,0.07143086,4.584276914596558,[-0.10386872]
183,0.07143086,1.352295160293579,[-0.10386872]
184,0.07143086,1.3824808597564697,[-0.10386872]
185,0.07143086,1.3615541458129883,[-0.10386872]
186,0.07143086,1.3820688724517822,[-0.10386872]
187,0.07143086,1.375171184539795,[-0.10386872]
188,0.07143086,1.4046759605407715,[-0.10386872]
189,0.07143086,1.3955953121185303,[-0.10386872]
190,0.07143086,1.3692173957824707,[-0.10386872]
191,0.07143086,1.3952317237854004,[-0.10386872]
192,0.07143086,1.3300306797027588,[-0.10386872]
193,0.07143086,1.3783729076385498,[-0.10386872]
194,0.07143086,1.3294503688812256,[-0.10386872]
195,0.07143086,1.402470350265503,[-0.10386872]
196,0.07143086,1.3843867778778076,[-0.10386872]
197,0.07143086,1.3583779335021973,[-0.10386872]
198,0.07143086,1.4273145198822021,[-0.10386872]
199,0.07143086,1.4234874248504639,[-0.10386872]
200,0.07143086,1.3260462284088135,[-0.10386872]
201,0.07143086,1.3774731159210205,[-0.10386872]
202,0.07143086,1.3464527130126953,[-0.10386872]
203,0.07143086,1.3910205364227295,[-0.10386872]
204,0.07143086,1.3410375118255615,[-0.10386872]
205,0.07143086,1.4237823486328125,[-0.10386872]
206,0.07143086,1.3998854160308838,[-0.10386872]
207,0.07143086,1.3508131504058838,[-0.10386872]
208,0.07143086,1.403989315032959,[-0.10386872]
209,0.07143086,1.3291189670562744,[-0.10386872]
210,0.07143086,1.3804078102111816,[-0.10386872]
211,0.07143086,1.373591661453247,[-0.10386872]
212,0.07143086,1.359224557876587,[-0.10386872]
213,0.07143086,1.3942558765411377,[-0.10386872]
214,0.07143086,1.3312041759490967,[-0.10386872]
215,0.07143086,1.3600149154663086,[-0.10386872]
216,0.07143086,1.3904457092285156,[-0.10386872]
217,0.07143086,1.3194520473480225,[-0.10386872]
218,0.07143086,1.4459657669067383,[-0.10386872]
219,0.07143086,1.3207836151123047,[-0.10386872]
220,0.07143086,1.358945608139038,[-0.10386872]
221,0.07143086,1.42256760597229,[-0.10386872]
222,0.07143086,1.3324253559112549,[-0.10386872]
223,0.07143086,1.3784146308898926,[-0.10386872]
224,0.07143086,1.3690969944000244,[-0.10386872]
225,0.07143086,1.4093964099884033,[-0.10386872]
226,0.07143086,1.3960108757019043,[-0.10386872]
227,0.07143086,1.347245454788208,[-0.10386872]
228,0.07143086,1.3987782001495361,[-0.10386872]
229,0.07143086,1.3564069271087646,[-0.10386872]
230,0.07143086,1.3710591793060303,[-0.10386872]
231,0.07143086,1.3916330337524414,[-0.10386872]
232,0.07143086,1.3630685806274414,[-0.10386872]
233,0.07143086,1.3854091167449951,[-0.10386872]
234,0.07143086,1.3427948951721191,[-0.10386872]
235,0.07143086,1.3454005718231201,[-0.10386872]
236,0.07143086,1.400655746459961,[-0.10386872]
237,0.07143086,1.3500785827636719,[-0.10386872]
238,0.07143086,1.398672103881836,[-0.10386872]
239,0.07143086,1.3819859027862549,[-0.10386872]
240,0.07143086,1.3947546482086182,[-0.10386872]
241,0.07143086,1.34029221534729,[-0.10386872]
242,0.07143086,1.3823661804199219,[-0.10386872]
243,0.07143086,1.40572190284729,[-0.10386872]
244,0.07143086,1.3936426639556885,[-0.10386872]
245,0.07143086,1.3907365798950195,[-0.10386872]
246,0.07143086,1.3634073734283447,[-0.10386872]
247,0.07143086,1.3745546340942383,[-0.10386872]
248,0.07143086,1.4045207500457764,[-0.10386872]
249,0.07143086,1.3472568988800049,[-0.10386872]
250,0.07143086,1.4117505550384521,[-0.10386872]
251,0.07143086,1.3078892230987549,[-0.10386872]
252,0.07143086,1.3972952365875244,[-0.10386872]
253,0.07143086,1.3751821517944336,[-0.10386872]
254,0.07143086,1.3206703662872314,[-0.10386872]
255,0.07143086,1.4566524028778076,[-0.10386872]
256,0.07143086,1.3478951454162598,[-0.10386872]
257,0.07143086,1.3963713645935059,[-0.10386872]
258,0.07143086,1.3789756298065186,[-0.10386872]
259,0.07143086,1.351426124572754,[-0.10386872]
260,0.07143086,1.422694444656372,[-0.10386872]
261,0.07143086,1.3450825214385986,[-0.10386872]
262,0.07143086,1.3564369678497314,[-0.10386872]
263,0.07143086,1.3984959125518799,[-0.10386872]
264,0.07143086,1.331507921218872,[-0.10386872]
265,0.07143086,1.377838134765625,[-0.10386872]
266,0.07143086,1.3736958503723145,[-0.10386872]
267,0.07143086,1.4172284603118896,[-0.10386872]
268,0.07143086,1.3973734378814697,[-0.10386872]
269,0.07143086,1.3697717189788818,[-0.10386872]
270,0.07143086,1.3865077495574951,[-0.10386872]
271,0.07143086,1.3821666240692139,[-0.10386872]
272,0.07143086,4.5692009925842285,[-0.10386872]
273,0.07143086,1.3884813785552979,[-0.10386872]
274,0.07143086,1.3579559326171875,[-0.10386872]
275,0.07143086,1.4132356643676758,[-0.10386872]
276,0.07143086,1.3834023475646973,[-0.10386872]
277,0.07143086,1.4062607288360596,[-0.10386872]
278,0.07143086,1.375539779663086,[-0.10386872]
279,0.07143086,1.3726370334625244,[-0.10386872]
280,0.07143086,1.406935691833496,[-0.10386872]
281,0.07143086,1.3279805183410645,[-0.10386872]
282,0.07143086,1.3515393733978271,[-0.10386872]
283,0.07143086,1.3035387992858887,[-0.10386872]
284,0.07143086,1.3622801303863525,[-0.10386872]
285,0.07143086,1.3478801250457764,[-0.10386872]
286,0.07143086,1.3551933765411377,[-0.10386872]
287,0.07143086,1.3752782344818115,[-0.10386872]
288,0.07143086,1.4040887355804443,[-0.10386872]
289,0.07143086,1.4327092170715332,[-0.10386872]
290,0.07143086,1.3855328559875488,[-0.10386872]
291,0.07143086,1.3717410564422607,[-0.10386872]
292,0.07143086,1.3982553482055664,[-0.10386872]
293,0.07143086,1.3022456169128418,[-0.10386872]
294,0.07143086,1.3799283504486084,[-0.10386872]
295,0.07143086,1.4195661544799805,[-0.10386872]
296,0.07143086,1.407710075378418,[-0.10386872]
297,0.07143086,1.4468061923980713,[-0.10386872]
298,0.07143086,1.3338282108306885,[-0.10386872]
299,0.07143086,1.415905237197876,[-0.10386872]
300,0.07143086,1.3980042934417725,[-0.10386872]
301,0.07143086,1.3112537860870361,[-0.10386872]
302,0.07143086,1.3810362815856934,[-0.10386872]
303,0.07143086,1.328906774520874,[-0.10386872]
304,0.07143086,1.4242055416107178,[-0.10386872]
305,0.07143086,1.3840937614440918,[-0.10386872]
306,0.07143086,1.3762516975402832,[-0.10386872]
307,0.07143086,1.3929588794708252,[-0.10386872]
308,0.07143086,1.31988525390625,[-0.10386872]
309,0.07143086,1.3822777271270752,[-0.10386872]
310,0.07143086,1.378943920135498,[-0.10386872]
311,0.07143086,1.2954068183898926,[-0.10386872]
312,0.07143086,1.3852505683898926,[-0.10386872]
313,0.07143086,1.3926734924316406,[-0.10386872]
314,0.07143086,1.3832650184631348,[-0.10386872]
315,0.07143086,1.381051778793335,[-0.10386872]
316,0.07143086,1.3387269973754883,[-0.10386872]
317,0.07143086,1.3790302276611328,[-0.10386872]
318,0.07143086,1.3639030456542969,[-0.10386872]
319,0.07143086,1.3560340404510498,[-0.10386872]
320,0.07143086,1.3778290748596191,[-0.10386872]
321,0.07143086,1.3451159000396729,[-0.10386872]
322,0.07143086,1.3955974578857422,[-0.10386872]
323,0.07143086,1.3414690494537354,[-0.10386872]
324,0.07143086,1.3899056911468506,[-0.10386872]
325,0.07143086,1.4101955890655518,[-0.10386872]
326,0.07143086,1.3382349014282227,[-0.10386872]
327,0.07143086,1.3926386833190918,[-0.10386872]
328,0.07143086,1.3534891605377197,[-0.10386872]
329,0.07143086,1.4183483123779297,[-0.10386872]
330,0.07143086,1.3480281829833984,[-0.10386872]
331,0.07143086,1.3306307792663574,[-0.10386872]
332,0.07143086,1.3078804016113281,[-0.10386872]
333,0.07143086,1.3761534690856934,[-0.10386872]
334,0.07143086,1.4087648391723633,[-0.10386872]
335,0.07143086,1.4274318218231201,[-0.10386872]
336,0.07143086,1.3981139659881592,[-0.10386872]
337,0.07143086,1.3514997959136963,[-0.10386872]
338,0.07143086,1.3484926223754883,[-0.10386872]
339,0.07143086,1.3450088500976562,[-0.10386872]
340,0.07143086,1.3208489418029785,[-0.10386872]
341,0.07143086,1.4015686511993408,[-0.10386872]
342,0.07143086,1.369490623474121,[-0.10386872]
343,0.07143086,1.3962552547454834,[-0.10386872]
344,0.07143086,1.425473928451538,[-0.10386872]
345,0.07143086,1.3478968143463135,[-0.10386872]
346,0.07143086,1.4093594551086426,[-0.10386872]
347,0.07143086,1.3794910907745361,[-0.10386872]
348,0.07143086,1.362957239151001,[-0.10386872]
349,0.07143086,1.4136369228363037,[-0.10386872]
350,0.07143086,1.3209495544433594,[-0.10386872]
351,0.07143086,1.3553106784820557,[-0.10386872]
352,0.07143086,1.3874099254608154,[-0.10386872]
353,0.07143086,1.4056212902069092,[-0.10386872]
354,0.07143086,1.4275541305541992,[-0.10386872]
355,0.07143086,1.3468971252441406,[-0.10386872]
356,0.07143086,1.4038333892822266,[-0.10386872]
357,0.07143086,1.3737034797668457,[-0.10386872]
358,0.07143086,1.3492207527160645,[-0.10386872]
359,0.07143086,1.4142019748687744,[-0.10386872]
360,0.07143086,1.3640265464782715,[-0.10386872]
361,0.07143086,1.389817714691162,[-0.10386872]
362,0.07143086,4.806785345077515,[-0.10386872]
363,0.07143086,1.4136807918548584,[-0.10386872]
364,0.07143086,1.365967035293579,[-0.10386872]
365,0.07143086,1.3313701152801514,[-0.10386872]
366,0.07143086,1.4142820835113525,[-0.10386872]
367,0.07143086,1.3608276844024658,[-0.10386872]
368,0.07143086,1.3738698959350586,[-0.10386872]
369,0.07143086,1.3358805179595947,[-0.10386872]
370,0.07143086,1.3358111381530762,[-0.10386872]
371,0.07143086,1.4041693210601807,[-0.10386872]
372,0.07143086,1.3420984745025635,[-0.10386872]
373,0.07143086,1.4160451889038086,[-0.10386872]
374,0.07143086,1.3450274467468262,[-0.10386872]
375,0.07143086,1.33056640625,[-0.10386872]
376,0.07143086,1.3821256160736084,[-0.10386872]
377,0.07143086,1.3393831253051758,[-0.10386872]
378,0.07143086,1.2942709922790527,[-0.10386872]
379,0.07143086,1.3025732040405273,[-0.10386872]
380,0.07143086,1.3530635833740234,[-0.10386872]
381,0.07143086,1.424689769744873,[-0.10386872]
382,0.07143086,1.3379087448120117,[-0.10386872]
383,0.07143086,1.463374137878418,[-0.10386872]
384,0.07143086,1.4048066139221191,[-0.10386872]
385,0.07143086,1.3269290924072266,[-0.10386872]
386,0.07143086,1.3901004791259766,[-0.10386872]
387,0.07143086,1.3372292518615723,[-0.10386872]
388,0.07143086,1.4042768478393555,[-0.10386872]
389,0.07143086,1.3930659294128418,[-0.10386872]
390,0.07143086,1.4018187522888184,[-0.10386872]
391,0.07143086,1.367438554763794,[-0.10386872]
392,0.07143086,1.416165828704834,[-0.10386872]
393,0.07143086,1.4111530780792236,[-0.10386872]
394,0.07143086,1.3457670211791992,[-0.10386872]
395,0.07143086,1.4125769138336182,[-0.10386872]
396,0.07143086,1.3713722229003906,[-0.10386872]
397,0.07143086,1.3643395900726318,[-0.10386872]
398,0.07143086,1.4011638164520264,[-0.10386872]
399,0.07143086,1.4030520915985107,[-0.10386872]
400,0.07143086,1.3814165592193604,[-0.10386872]
401,0.07143086,1.3558299541473389,[-0.10386872]
402,0.07143086,1.3381783962249756,[-0.10386872]
403,0.07143086,1.406367301940918,[-0.10386872]
404,0.07143086,1.3510034084320068,[-0.10386872]
405,0.07143086,1.4553499221801758,[-0.10386872]
406,0.07143086,1.3637611865997314,[-0.10386872]
407,0.07143086,1.326765537261963,[-0.10386872]
408,0.07143086,1.4180490970611572,[-0.10386872]
409,0.07143086,1.3438670635223389,[-0.10386872]
410,0.07143086,1.3719046115875244,[-0.10386872]
411,0.07143086,1.3770756721496582,[-0.10386872]
412,0.07143086,1.3499362468719482,[-0.10386872]
413,0.07143086,1.4346604347229004,[-0.10386872]
414,0.07143086,1.3521764278411865,[-0.10386872]
415,0.07143086,1.364882469177246,[-0.10386872]
416,0.07143086,1.3858282566070557,[-0.10386872]
417,0.07143086,1.3188695907592773,[-0.10386872]
418,0.07143086,1.405066967010498,[-0.10386872]
419,0.07143086,1.3575806617736816,[-0.10386872]
420,0.07143086,1.4033608436584473,[-0.10386872]
421,0.07143086,1.3906919956207275,[-0.10386872]
422,0.07143086,1.3646278381347656,[-0.10386872]
423,0.07143086,1.3753783702850342,[-0.10386872]
424,0.07143086,1.4038991928100586,[-0.10386872]
425,0.07143086,1.4448585510253906,[-0.10386872]
426,0.07143086,1.3603019714355469,[-0.10386872]
427,0.07143086,1.3793208599090576,[-0.10386872]
428,0.07143086,1.4022672176361084,[-0.10386872]
429,0.07143086,1.3572425842285156,[-0.10386872]
430,0.07143086,1.377129077911377,[-0.10386872]
431,0.07143086,1.3747572898864746,[-0.10386872]
432,0.07143086,1.3764922618865967,[-0.10386872]
433,0.07143086,1.349203109741211,[-0.10386872]
434,0.07143086,1.3358957767486572,[-0.10386872]
435,0.07143086,1.3804755210876465,[-0.10386872]
436,0.07143086,1.3783197402954102,[-0.10386872]
437,0.07143086,1.3760910034179688,[-0.10386872]
438,0.07143086,1.4242403507232666,[-0.10386872]
439,0.07143086,1.3394324779510498,[-0.10386872]
440,0.07143086,1.410940408706665,[-0.10386872]
441,0.07143086,1.3150436878204346,[-0.10386872]
442,0.07143086,1.3843278884887695,[-0.10386872]
443,0.07143086,1.3597300052642822,[-0.10386872]
444,0.07143086,1.3343780040740967,[-0.10386872]
445,0.07143086,1.468644142150879,[-0.10386872]
446,0.07143086,1.3435828685760498,[-0.10386872]
447,0.07143086,1.417809009552002,[-0.10386872]
448,0.07143086,1.426945447921753,[-0.10386872]
449,0.07143086,1.3482084274291992,[-0.10386872]
450,0.07143086,1.3984215259552002,[-0.10386872]
451,0.07143086,1.3635077476501465,[-0.10386872]
452,0.07143086,4.840810298919678,[-0.10386872]
453,0.07143086,1.3697149753570557,[-0.10386872]
454,0.07143086,1.3740153312683105,[-0.10386872]
455,0.07143086,1.3966586589813232,[-0.10386872]
456,0.07143086,1.3475427627563477,[-0.10386872]
457,0.07143086,1.3839337825775146,[-0.10386872]
458,0.07143086,1.3775663375854492,[-0.10386872]
459,0.07143086,1.3891048431396484,[-0.10386872]
460,0.07143086,1.4263026714324951,[-0.10386872]
461,0.07143086,1.3463222980499268,[-0.10386872]
462,0.07143086,1.4501285552978516,[-0.10386872]
463,0.07143086,1.3500089645385742,[-0.10386872]
464,0.07143086,1.362199306488037,[-0.10386872]
465,0.07143086,1.4209656715393066,[-0.10386872]
466,0.07143086,1.4019370079040527,[-0.10386872]
467,0.07143086,1.3841986656188965,[-0.10386872]
468,0.07143086,1.390207290649414,[-0.10386872]
469,0.07143086,1.3324902057647705,[-0.10386872]
470,0.07143086,1.347339153289795,[-0.10386872]
471,0.07143086,1.3403780460357666,[-0.10386872]
472,0.07143086,1.3869593143463135,[-0.10386872]
473,0.07143086,1.3623502254486084,[-0.10386872]
474,0.07143086,1.2969121932983398,[-0.10386872]
475,0.07143086,1.3093531131744385,[-0.10386872]
476,0.07143086,1.340888261795044,[-0.10386872]
477,0.07143086,1.3696253299713135,[-0.10386872]
478,0.07143086,1.3412673473358154,[-0.10386872]
479,0.07143086,1.3466672897338867,[-0.10386872]
480,0.07143086,1.3620011806488037,[-0.10386872]
481,0.07143086,1.3257908821105957,[-0.10386872]
482,0.07143086,1.403303861618042,[-0.10386872]
483,0.07143086,1.3299362659454346,[-0.10386872]
484,0.07143086,1.2981045246124268,[-0.10386872]
485,0.07143086,1.2971701622009277,[-0.10386872]
486,0.07143086,1.2988741397857666,[-0.10386872]
487,0.07143086,1.4174997806549072,[-0.10386872]
488,0.07143086,1.3319785594940186,[-0.10386872]
489,0.07143086,1.3986635208129883,[-0.10386872]
490,0.07143086,1.3673930168151855,[-0.10386872]
491,0.07143086,1.3457343578338623,[-0.10386872]
492,0.07143086,1.4235436916351318,[-0.10386872]
493,0.07143086,1.3537664413452148,[-0.10386872]
494,0.07143086,1.3746287822723389,[-0.10386872]
495,0.07143086,1.3729548454284668,[-0.10386872]
496,0.07143086,1.3683369159698486,[-0.10386872]
497,0.07143086,1.3682911396026611,[-0.10386872]
498,0.07143086,1.3500635623931885,[-0.10386872]
499,0.07143086,1.4069008827209473,[-0.10386872]
500,0.07143086,1.3618957996368408,[-0.10386872]
501,0.07143086,1.3094186782836914,[-0.10386872]
502,0.07143086,1.4294624328613281,[-0.10386872]
503,0.07143086,1.365448236465454,[-0.10386872]
504,0.07143086,1.3582298755645752,[-0.10386872]
505,0.07143086,1.3655815124511719,[-0.10386872]
506,0.07143086,1.3612759113311768,[-0.10386872]
507,0.07143086,1.4395222663879395,[-0.10386872]
508,0.07143086,1.3774683475494385,[-0.10386872]
509,0.07143086,1.3608999252319336,[-0.10386872]
510,0.07143086,1.40751051902771,[-0.10386872]
511,0.07143086,1.4004237651824951,[-0.10386872]
512,0.07143086,1.4351646900177002,[-0.10386872]
513,0.07143086,1.354304313659668,[-0.10386872]
514,0.07143086,1.3282644748687744,[-0.10386872]
515,0.07143086,1.3602521419525146,[-0.10386872]
516,0.07143086,1.3609654903411865,[-0.10386872]
517,0.07143086,1.3854987621307373,[-0.10386872]
518,0.07143086,1.336052656173706,[-0.10386872]
519,0.07143086,1.3971238136291504,[-0.10386872]
520,0.07143086,1.3582992553710938,[-0.10386872]
521,0.07143086,1.3394403457641602,[-0.10386872]
522,0.07143086,1.421330451965332,[-0.10386872]
523,0.07143086,1.3381972312927246,[-0.10386872]
524,0.07143086,1.3489646911621094,[-0.10386872]
525,0.07143086,1.4379193782806396,[-0.10386872]
526,0.07143086,1.3780450820922852,[-0.10386872]
527,0.07143086,1.405848741531372,[-0.10386872]
528,0.07143086,1.334482192993164,[-0.10386872]
529,0.07143086,1.3624541759490967,[-0.10386872]
530,0.07143086,1.3529250621795654,[-0.10386872]
531,0.07143086,1.3747103214263916,[-0.10386872]
532,0.07143086,1.3672518730163574,[-0.10386872]
533,0.07143086,1.35853910446167,[-0.10386872]
534,0.07143086,1.3977036476135254,[-0.10386872]
535,0.07143086,1.369999885559082,[-0.10386872]
536,0.07143086,1.3504722118377686,[-0.10386872]
537,0.07143086,1.4748175144195557,[-0.10386872]
538,0.07143086,1.331117868423462,[-0.10386872]
539,0.07143086,1.4339728355407715,[-0.10386872]
540,0.07143086,1.3148651123046875,[-0.10386872]
541,0.07143086,1.3782291412353516,[-0.10386872]
542,0.07143086,4.8918843269348145,[-0.10386872]
543,0.07143086,1.3685588836669922,[-0.10386872]
544,0.07143086,1.3797543048858643,[-0.10386872]
545,0.07143086,1.3615636825561523,[-0.10386872]
546,0.07143086,1.394343376159668,[-0.10386872]
547,0.07143086,1.372497797012329,[-0.10386872]
548,0.07143086,1.3192639350891113,[-0.10386872]
549,0.07143086,1.3969757556915283,[-0.10386872]
550,0.07143086,1.3794159889221191,[-0.10386872]
551,0.07143086,1.3815619945526123,[-0.10386872]
552,0.07143086,1.3876938819885254,[-0.10386872]
553,0.07143086,1.4271695613861084,[-0.10386872]
554,0.07143086,1.4016659259796143,[-0.10386872]
555,0.07143086,1.375216007232666,[-0.10386872]
556,0.07143086,1.3899402618408203,[-0.10386872]
557,0.07143086,1.4206712245941162,[-0.10386872]
558,0.07143086,1.3213982582092285,[-0.10386872]
559,0.07143086,1.4197943210601807,[-0.10386872]
560,0.07143086,1.345271110534668,[-0.10386872]
561,0.07143086,1.3636937141418457,[-0.10386872]
562,0.07143086,1.3534855842590332,[-0.10386872]
563,0.07143086,1.3577969074249268,[-0.10386872]
564,0.07143086,1.410783290863037,[-0.10386872]
565,0.07143086,1.329969882965088,[-0.10386872]
566,0.07143086,1.3472516536712646,[-0.10386872]
567,0.07143086,1.3810315132141113,[-0.10386872]
568,0.07143086,1.3482325077056885,[-0.10386872]
569,0.07143086,1.4337763786315918,[-0.10386872]
570,0.07143086,1.3293018341064453,[-0.10386872]
571,0.07143086,1.3552310466766357,[-0.10386872]
572,0.07143086,1.3862807750701904,[-0.10386872]
573,0.07143086,1.3421497344970703,[-0.10386872]
574,0.07143086,1.3956506252288818,[-0.10386872]
575,0.07143086,1.391983985900879,[-0.10386872]
576,0.07143086,1.3522603511810303,[-0.10386872]
577,0.07143086,1.4211409091949463,[-0.10386872]
578,0.07143086,1.3470652103424072,[-0.10386872]
579,0.07143086,1.405470371246338,[-0.10386872]
580,0.07143086,1.3904740810394287,[-0.10386872]
581,0.07143086,1.3541724681854248,[-0.10386872]
582,0.07143086,1.3877503871917725,[-0.10386872]
583,0.07143086,1.347611427307129,[-0.10386872]
584,0.07143086,1.4205689430236816,[-0.10386872]
585,0.07143086,1.3919665813446045,[-0.10386872]
586,0.07143086,1.3920140266418457,[-0.10386872]
587,0.07143086,1.4211230278015137,[-0.10386872]
588,0.07143086,1.3653969764709473,[-0.10386872]
589,0.07143086,1.4030418395996094,[-0.10386872]
590,0.07143086,1.3162939548492432,[-0.10386872]
591,0.07143086,1.3549659252166748,[-0.10386872]
592,0.07143086,1.3446543216705322,[-0.10386872]
593,0.07143086,1.2955777645111084,[-0.10386872]
594,0.07143086,1.3754470348358154,[-0.10386872]
595,0.07143086,1.4115221500396729,[-0.10386872]
596,0.07143086,1.4180083274841309,[-0.10386872]
597,0.07143086,1.4179506301879883,[-0.10386872]
598,0.07143086,1.3668878078460693,[-0.10386872]
599,0.07143086,1.390665054321289,[-0.10386872]
600,0.07143086,1.363201379776001,[-0.10386872]
601,0.07143086,1.375392198562622,[-0.10386872]
602,0.07143086,1.3711707592010498,[-0.10386872]
603,0.07143086,1.3647830486297607,[-0.10386872]
604,0.07143086,1.3753266334533691,[-0.10386872]
605,0.07143086,1.44557523727417,[-0.10386872]
606,0.07143086,1.3937115669250488,[-0.10386872]
607,0.07143086,1.3560099601745605,[-0.10386872]
608,0.07143086,1.4356012344360352,[-0.10386872]
609,0.07143086,1.454540729522705,[-0.10386872]
610,0.07143086,1.3154335021972656,[-0.10386872]
611,0.07143086,1.4052274227142334,[-0.10386872]
612,0.07143086,1.3854961395263672,[-0.10386872]
613,0.07143086,1.3955330848693848,[-0.10386872]
614,0.07143086,1.3922927379608154,[-0.10386872]
615,0.07143086,1.370065450668335,[-0.10386872]
616,0.07143086,1.4097881317138672,[-0.10386872]
617,0.07143086,1.3395843505859375,[-0.10386872]
618,0.07143086,1.314882516860962,[-0.10386872]
619,0.07143086,1.4076576232910156,[-0.10386872]
620,0.07143086,1.359118938446045,[-0.10386872]
621,0.07143086,1.3646669387817383,[-0.10386872]
622,0.07143086,1.293792963027954,[-0.10386872]
623,0.07143086,1.338557243347168,[-0.10386872]
624,0.07143086,1.3291702270507812,[-0.10386872]
625,0.07143086,1.3603808879852295,[-0.10386872]
626,0.07143086,1.3775067329406738,[-0.10386872]
627,0.07143086,1.3631784915924072,[-0.10386872]
628,0.07143086,1.4332363605499268,[-0.10386872]
629,0.07143086,1.3783128261566162,[-0.10386872]
630,0.07143086,1.351147174835205,[-0.10386872]
631,0.07143086,1.4613921642303467,[-0.10386872]
632,0.07143086,4.77992844581604,[-0.10386872]
633,0.07143086,1.385134220123291,[-0.10386872]
634,0.07143086,1.3464889526367188,[-0.10386872]
635,0.07143086,1.4097909927368164,[-0.10386872]
636,0.07143086,1.391904592514038,[-0.10386872]
637,0.07143086,1.352583646774292,[-0.10386872]
638,0.07143086,1.3725666999816895,[-0.10386872]
639,0.07143086,1.3104255199432373,[-0.10386872]
640,0.07143086,1.3881728649139404,[-0.10386872]
641,0.07143086,1.3683686256408691,[-0.10386872]
642,0.07143086,1.3193798065185547,[-0.10386872]
643,0.07143086,1.4480464458465576,[-0.10386872]
644,0.07143086,1.3412013053894043,[-0.10386872]
645,0.07143086,1.3769543170928955,[-0.10386872]
646,0.07143086,1.3935480117797852,[-0.10386872]
647,0.07143086,1.3444881439208984,[-0.10386872]
648,0.07143086,1.4643657207489014,[-0.10386872]
649,0.07143086,1.3943684101104736,[-0.10386872]
650,0.07143086,1.4164657592773438,[-0.10386872]
651,0.07143086,1.3790678977966309,[-0.10386872]
652,0.07143086,1.3727574348449707,[-0.10386872]
653,0.07143086,1.4613969326019287,[-0.10386872]
654,0.07143086,1.3593475818634033,[-0.10386872]
655,0.07143086,1.3385696411132812,[-0.10386872]
656,0.07143086,1.3742692470550537,[-0.10386872]
657,0.07143086,1.3356621265411377,[-0.10386872]
658,0.07143086,1.4203217029571533,[-0.10386872]
659,0.07143086,1.3638129234313965,[-0.10386872]
660,0.07143086,1.4338631629943848,[-0.10386872]
661,0.07143086,1.4376258850097656,[-0.10386872]
662,0.07143086,1.3790886402130127,[-0.10386872]
663,0.07143086,1.3989222049713135,[-0.10386872]
664,0.07143086,1.3830907344818115,[-0.10386872]
665,0.07143086,1.3913931846618652,[-0.10386872]
666,0.07143086,1.3792943954467773,[-0.10386872]
667,0.07143086,1.3297595977783203,[-0.10386872]
668,0.07143086,1.3853933811187744,[-0.10386872]
669,0.07143086,1.4061481952667236,[-0.10386872]
670,0.07143086,1.38360595703125,[-0.10386872]
671,0.07143086,1.3686838150024414,[-0.10386872]
672,0.07143086,1.3720905780792236,[-0.10386872]
673,0.07143086,1.4526934623718262,[-0.10386872]
674,0.07143086,1.3570406436920166,[-0.10386872]
675,0.07143086,1.3693311214447021,[-0.10386872]
676,0.07143086,1.3470768928527832,[-0.10386872]
677,0.07143086,1.4498684406280518,[-0.10386872]
678,0.07143086,1.3985166549682617,[-0.10386872]
679,0.07143086,1.3688631057739258,[-0.10386872]
680,0.07143086,1.4341983795166016,[-0.10386872]
681,0.07143086,1.350346326828003,[-0.10386872]
682,0.07143086,1.3290059566497803,[-0.10386872]
683,0.07143086,1.3452892303466797,[-0.10386872]
684,0.07143086,1.3509321212768555,[-0.10386872]
685,0.07143086,1.3596282005310059,[-0.10386872]
686,0.07143086,1.4081957340240479,[-0.10386872]
687,0.07143086,1.406785249710083,[-0.10386872]
688,0.07143086,1.4170875549316406,[-0.10386872]
689,0.07143086,1.3798208236694336,[-0.10386872]
690,0.07143086,1.3687760829925537,[-0.10386872]
691,0.07143086,1.3648228645324707,[-0.10386872]
692,0.07143086,1.3545629978179932,[-0.10386872]
693,0.07143086,1.3897652626037598,[-0.10386872]
694,0.07143086,1.3522675037384033,[-0.10386872]
695,0.07143086,1.451221227645874,[-0.10386872]
696,0.07143086,1.321274995803833,[-0.10386872]
697,0.07143086,1.4623241424560547,[-0.10386872]
698,0.07143086,1.320467472076416,[-0.10386872]
699,0.07143086,1.2939085960388184,[-0.10386872]
700,0.07143086,1.3579888343811035,[-0.10386872]
701,0.07143086,1.3201758861541748,[-0.10386872]
702,0.07143086,1.3477051258087158,[-0.10386872]
703,0.07143086,1.3522982597351074,[-0.10386872]
704,0.07143086,1.3714888095855713,[-0.10386872]
705,0.07143086,1.394129753112793,[-0.10386872]
706,0.07143086,1.3536880016326904,[-0.10386872]
707,0.07143086,1.378833293914795,[-0.10386872]
708,0.07143086,1.3593502044677734,[-0.10386872]
709,0.07143086,1.3639922142028809,[-0.10386872]
710,0.07143086,1.374068260192871,[-0.10386872]
711,0.07143086,1.3998360633850098,[-0.10386872]
712,0.07143086,1.382997751235962,[-0.10386872]
713,0.07143086,1.3631794452667236,[-0.10386872]
714,0.07143086,1.3544583320617676,[-0.10386872]
715,0.07143086,1.399733543395996,[-0.10386872]
716,0.07143086,1.3948941230773926,[-0.10386872]
717,0.07143086,1.3906190395355225,[-0.10386872]
718,0.07143086,1.3567500114440918,[-0.10386872]
719,0.07143086,1.3468260765075684,[-0.10386872]
720,0.07143086,1.3786852359771729,[-0.10386872]
721,0.07143086,1.3526322841644287,[-0.10386872]
722,0.07143086,4.918017387390137,[-0.10386872]
723,0.07143086,1.3422706127166748,[-0.10386872]
724,0.07143086,1.4342765808105469,[-0.10386872]
725,0.07143086,1.3880250453948975,[-0.10386872]
726,0.07143086,1.3397858142852783,[-0.10386872]
727,0.07143086,1.4019396305084229,[-0.10386872]
728,0.07143086,1.3486649990081787,[-0.10386872]
729,0.07143086,1.4204421043395996,[-0.10386872]
730,0.07143086,1.326425313949585,[-0.10386872]
731,0.07143086,1.3239936828613281,[-0.10386872]
732,0.07143086,1.4423999786376953,[-0.10386872]
733,0.07143086,1.3765687942504883,[-0.10386872]
734,0.07143086,1.3634271621704102,[-0.10386872]
735,0.07143086,1.3637335300445557,[-0.10386872]
736,0.07143086,1.3560514450073242,[-0.10386872]
737,0.07143086,1.4286766052246094,[-0.10386872]
738,0.07143086,1.371924638748169,[-0.10386872]
739,0.07143086,1.3907089233398438,[-0.10386872]
740,0.07143086,1.4358792304992676,[-0.10386872]
741,0.07143086,1.3124594688415527,[-0.10386872]
742,0.07143086,1.4101824760437012,[-0.10386872]
743,0.07143086,1.3838238716125488,[-0.10386872]
744,0.07143086,1.3874685764312744,[-0.10386872]
745,0.07143086,1.409027099609375,[-0.10386872]
746,0.07143086,1.3406212329864502,[-0.10386872]
747,0.07143086,1.3929998874664307,[-0.10386872]
748,0.07143086,1.3512396812438965,[-0.10386872]
749,0.07143086,1.356360912322998,[-0.10386872]
750,0.07143086,1.3437130451202393,[-0.10386872]
751,0.07143086,1.3440818786621094,[-0.10386872]
752,0.07143086,1.385643720626831,[-0.10386872]
753,0.07143086,1.3777134418487549,[-0.10386872]
754,0.07143086,1.3864126205444336,[-0.10386872]
755,0.07143086,1.3522958755493164,[-0.10386872]
756,0.07143086,1.309828281402588,[-0.10386872]
757,0.07143086,1.3191759586334229,[-0.10386872]
758,0.07143086,1.3436057567596436,[-0.10386872]
759,0.07143086,1.4033379554748535,[-0.10386872]
760,0.07143086,1.3801350593566895,[-0.10386872]
761,0.07143086,1.3659372329711914,[-0.10386872]
762,0.07143086,1.3929407596588135,[-0.10386872]
763,0.07143086,1.4267492294311523,[-0.10386872]
764,0.07143086,1.4112293720245361,[-0.10386872]
765,0.07143086,1.363368034362793,[-0.10386872]
766,0.07143086,1.3578743934631348,[-0.10386872]
767,0.07143086,1.4393303394317627,[-0.10386872]
768,0.07143086,1.3804035186767578,[-0.10386872]
769,0.07143086,1.363405704498291,[-0.10386872]
770,0.07143086,1.3797528743743896,[-0.10386872]
771,0.07143086,1.352085828781128,[-0.10386872]
772,0.07143086,1.4024336338043213,[-0.10386872]
773,0.07143086,1.3847289085388184,[-0.10386872]
774,0.07143086,1.327756643295288,[-0.10386872]
775,0.07143086,1.305802822113037,[-0.10386872]
776,0.07143086,1.3733935356140137,[-0.10386872]
777,0.07143086,1.3772668838500977,[-0.10386872]
778,0.07143086,1.3373608589172363,[-0.10386872]
779,0.07143086,1.4303724765777588,[-0.10386872]
780,0.07143086,1.336848497390747,[-0.10386872]
781,0.07143086,1.4151339530944824,[-0.10386872]
782,0.07143086,1.3610563278198242,[-0.10386872]
783,0.07143086,1.352531909942627,[-0.10386872]
784,0.07143086,1.4128108024597168,[-0.10386872]
785,0.07143086,1.3510313034057617,[-0.10386872]
786,0.07143086,1.4607391357421875,[-0.10386872]
787,0.07143086,1.356299877166748,[-0.10386872]
788,0.07143086,1.3347086906433105,[-0.10386872]
789,0.07143086,1.4360334873199463,[-0.10386872]
790,0.07143086,1.3320014476776123,[-0.10386872]
791,0.07143086,1.3981478214263916,[-0.10386872]
792,0.07143086,1.3584470748901367,[-0.10386872]
793,0.07143086,1.3469512462615967,[-0.10386872]
794,0.07143086,1.4045515060424805,[-0.10386872]
795,0.07143086,1.3762624263763428,[-0.10386872]
796,0.07143086,1.3572876453399658,[-0.10386872]
797,0.07143086,1.3747382164001465,[-0.10386872]
798,0.07143086,1.3846769332885742,[-0.10386872]
799,0.07143086,1.3655269145965576,[-0.10386872]
800,0.07143086,1.3887529373168945,[-0.10386872]
801,0.07143086,1.397005558013916,[-0.10386872]
802,0.07143086,1.4668853282928467,[-0.10386872]
803,0.07143086,1.375964641571045,[-0.10386872]
804,0.07143086,1.4585814476013184,[-0.10386872]
805,0.07143086,1.3181757926940918,[-0.10386872]
806,0.07143086,1.3636839389801025,[-0.10386872]
807,0.07143086,1.3802134990692139,[-0.10386872]
808,0.07143086,1.3620188236236572,[-0.10386872]
809,0.07143086,1.4561069011688232,[-0.10386872]
810,0.07143086,1.3824388980865479,[-0.10386872]
811,0.07143086,1.3442246913909912,[-0.10386872]
812,0.07143086,4.613665342330933,[-0.10386872]
813,0.07143086,1.3609704971313477,[-0.10386872]
814,0.07143086,1.3829960823059082,[-0.10386872]
815,0.07143086,1.3563039302825928,[-0.10386872]
816,0.07143086,1.3482298851013184,[-0.10386872]
817,0.07143086,1.3352386951446533,[-0.10386872]
818,0.07143086,1.2927215099334717,[-0.10386872]
819,0.07143086,1.405052900314331,[-0.10386872]
820,0.07143086,1.3700587749481201,[-0.10386872]
821,0.07143086,1.3652362823486328,[-0.10386872]
822,0.07143086,1.403061866760254,[-0.10386872]
823,0.07143086,1.352961540222168,[-0.10386872]
824,0.07143086,1.464160680770874,[-0.10386872]
825,0.07143086,1.357135534286499,[-0.10386872]
826,0.07143086,1.36338210105896,[-0.10386872]
827,0.07143086,1.3999576568603516,[-0.10386872]
828,0.07143086,1.3364040851593018,[-0.10386872]
829,0.07143086,1.3732054233551025,[-0.10386872]
830,0.07143086,1.346801996231079,[-0.10386872]
831,0.07143086,1.4001169204711914,[-0.10386872]
832,0.07143086,1.3658828735351562,[-0.10386872]
833,0.07143086,1.363572359085083,[-0.10386872]
834,0.07143086,1.3781111240386963,[-0.10386872]
835,0.07143086,1.376166582107544,[-0.10386872]
836,0.07143086,1.3944787979125977,[-0.10386872]
837,0.07143086,1.3732342720031738,[-0.10386872]
838,0.07143086,1.4014873504638672,[-0.10386872]
839,0.07143086,1.3608195781707764,[-0.10386872]
840,0.07143086,1.4244060516357422,[-0.10386872]
841,0.07143086,1.3884117603302002,[-0.10386872]
842,0.07143086,1.3525536060333252,[-0.10386872]
843,0.07143086,1.3888397216796875,[-0.10386872]
844,0.07143086,1.358811855316162,[-0.10386872]
845,0.07143086,1.37400484085083,[-0.10386872]
846,0.07143086,1.418391227722168,[-0.10386872]
847,0.07143086,1.4206607341766357,[-0.10386872]
848,0.07143086,1.371683120727539,[-0.10386872]
849,0.07143086,1.3441038131713867,[-0.10386872]
850,0.07143086,1.388871192932129,[-0.10386872]
851,0.07143086,1.366464614868164,[-0.10386872]
852,0.07143086,1.345916509628296,[-0.10386872]
853,0.07143086,1.3640408515930176,[-0.10386872]
854,0.07143086,1.3787739276885986,[-0.10386872]
855,0.07143086,1.3748202323913574,[-0.10386872]
856,0.07143086,1.4659640789031982,[-0.10386872]
857,0.07143086,1.360300064086914,[-0.10386872]
858,0.07143086,1.331064224243164,[-0.10386872]
859,0.07143086,1.3856103420257568,[-0.10386872]
860,0.07143086,1.338174819946289,[-0.10386872]
861,0.07143086,1.4185965061187744,[-0.10386872]
862,0.07143086,1.3513767719268799,[-0.10386872]
863,0.07143086,1.4040205478668213,[-0.10386872]
864,0.07143086,1.3864901065826416,[-0.10386872]
865,0.07143086,1.3716108798980713,[-0.10386872]
866,0.07143086,1.3942604064941406,[-0.10386872]
867,0.07143086,1.4008548259735107,[-0.10386872]
868,0.07143086,1.370162010192871,[-0.10386872]
869,0.07143086,1.4243829250335693,[-0.10386872]
870,0.07143086,1.3287270069122314,[-0.10386872]
871,0.07143086,1.4585275650024414,[-0.10386872]
872,0.07143086,1.339904546737671,[-0.10386872]
873,0.07143086,1.4003689289093018,[-0.10386872]
874,0.07143086,1.4099655151367188,[-0.10386872]
875,0.07143086,1.3892357349395752,[-0.10386872]
876,0.07143086,1.4326045513153076,[-0.10386872]
877,0.07143086,1.3349034786224365,[-0.10386872]
878,0.07143086,1.4062447547912598,[-0.10386872]
879,0.07143086,1.3668982982635498,[-0.10386872]
880,0.07143086,1.3586537837982178,[-0.10386872]
881,0.07143086,1.4236993789672852,[-0.10386872]
882,0.07143086,1.3424122333526611,[-0.10386872]
883,0.07143086,1.4069151878356934,[-0.10386872]
884,0.07143086,1.3594400882720947,[-0.10386872]
885,0.07143086,1.3656976222991943,[-0.10386872]
886,0.07143086,1.3726003170013428,[-0.10386872]
887,0.07143086,1.322171926498413,[-0.10386872]
888,0.07143086,1.4071159362792969,[-0.10386872]
889,0.07143086,1.4141340255737305,[-0.10386872]
890,0.07143086,1.342292070388794,[-0.10386872]
891,0.07143086,1.419907808303833,[-0.10386872]
892,0.07143086,1.330427646636963,[-0.10386872]
893,0.07143086,1.3817315101623535,[-0.10386872]
894,0.07143086,1.4213614463806152,[-0.10386872]
895,0.07143086,1.3781678676605225,[-0.10386872]
896,0.07143086,1.3485562801361084,[-0.10386872]
897,0.07143086,1.4349565505981445,[-0.10386872]
898,0.07143086,1.3687419891357422,[-0.10386872]
899,0.07143086,1.4078757762908936,[-0.10386872]
900,0.07143086,1.4094805717468262,[-0.10386872]
901,0.07143086,1.3718352317810059,[-0.10386872]
902,0.07143086,4.82387638092041,[-0.10386872]
903,0.07143086,1.3728082180023193,[-0.10386872]
904,0.07143086,1.3341436386108398,[-0.10386872]
905,0.07143086,1.344602108001709,[-0.10386872]
906,0.07143086,1.3736324310302734,[-0.10386872]
907,0.07143086,1.379103660583496,[-0.10386872]
908,0.07143086,1.3951449394226074,[-0.10386872]
909,0.07143086,1.3952596187591553,[-0.10386872]
910,0.07143086,1.3484086990356445,[-0.10386872]
911,0.07143086,1.3787438869476318,[-0.10386872]
912,0.07143086,1.3462529182434082,[-0.10386872]
913,0.07143086,1.430741548538208,[-0.10386872]
914,0.07143086,1.3741390705108643,[-0.10386872]
915,0.07143086,1.3507938385009766,[-0.10386872]
916,0.07143086,1.4252676963806152,[-0.10386872]
917,0.07143086,1.424628496170044,[-0.10386872]
918,0.07143086,1.4031848907470703,[-0.10386872]
919,0.07143086,1.3454163074493408,[-0.10386872]
920,0.07143086,1.4029059410095215,[-0.10386872]
921,0.07143086,1.3416197299957275,[-0.10386872]
922,0.07143086,1.2865386009216309,[-0.10386872]
923,0.07143086,1.3480255603790283,[-0.10386872]
924,0.07143086,1.3383939266204834,[-0.10386872]
925,0.07143086,1.3167893886566162,[-0.10386872]
926,0.07143086,1.3243622779846191,[-0.10386872]
927,0.07143086,1.397918462753296,[-0.10386872]
928,0.07143086,1.4386017322540283,[-0.10386872]
929,0.07143086,1.3827872276306152,[-0.10386872]
930,0.07143086,1.4139912128448486,[-0.10386872]
931,0.07143086,1.3735613822937012,[-0.10386872]
932,0.07143086,1.3427503108978271,[-0.10386872]
933,0.07143086,1.3434240818023682,[-0.10386872]
934,0.07143086,1.3376686573028564,[-0.10386872]
935,0.07143086,1.393359661102295,[-0.10386872]
936,0.07143086,1.3642799854278564,[-0.10386872]
937,0.07143086,1.380157470703125,[-0.10386872]
938,0.07143086,1.4292104244232178,[-0.10386872]
939,0.07143086,1.3901829719543457,[-0.10386872]
940,0.07143086,1.4893195629119873,[-0.10386872]
941,0.07143086,1.3424673080444336,[-0.10386872]
942,0.07143086,1.4547019004821777,[-0.10386872]
943,0.07143086,1.3812618255615234,[-0.10386872]
944,0.07143086,1.3521146774291992,[-0.10386872]
945,0.07143086,1.3790147304534912,[-0.10386872]
946,0.07143086,1.3557839393615723,[-0.10386872]
947,0.07143086,1.404789686203003,[-0.10386872]
948,0.07143086,1.3754096031188965,[-0.10386872]
949,0.07143086,1.3854107856750488,[-0.10386872]
950,0.07143086,1.4310202598571777,[-0.10386872]
951,0.07143086,1.4170019626617432,[-0.10386872]
952,0.07143086,1.349606990814209,[-0.10386872]
953,0.07143086,1.3763806819915771,[-0.10386872]
954,0.07143086,1.3749723434448242,[-0.10386872]
955,0.07143086,1.3732457160949707,[-0.10386872]
956,0.07143086,1.339595079421997,[-0.10386872]
957,0.07143086,1.423682689666748,[-0.10386872]
958,0.07143086,1.318676471710205,[-0.10386872]
959,0.07143086,1.4006047248840332,[-0.10386872]
960,0.07143086,1.4539625644683838,[-0.10386872]
961,0.07143086,1.3457951545715332,[-0.10386872]
962,0.07143086,1.402430534362793,[-0.10386872]
963,0.07143086,1.3829233646392822,[-0.10386872]
964,0.07143086,1.3302371501922607,[-0.10386872]
965,0.07143086,1.387171983718872,[-0.10386872]
966,0.07143086,1.3305034637451172,[-0.10386872]
967,0.07143086,1.3707830905914307,[-0.10386872]
968,0.07143086,1.3594067096710205,[-0.10386872]
969,0.07143086,1.4175758361816406,[-0.10386872]
970,0.07143086,1.3742504119873047,[-0.10386872]
971,0.07143086,1.3121261596679688,[-0.10386872]
972,0.07143086,1.4051868915557861,[-0.10386872]
973,0.07143086,1.3415544033050537,[-0.10386872]
974,0.07143086,1.3614113330841064,[-0.10386872]
975,0.07143086,1.402165412902832,[-0.10386872]
976,0.07143086,1.361267328262329,[-0.10386872]
977,0.07143086,1.4391872882843018,[-0.10386872]
978,0.07143086,1.366213083267212,[-0.10386872]
979,0.07143086,1.4016239643096924,[-0.10386872]
980,0.07143086,1.364870548248291,[-0.10386872]
981,0.07143086,1.4155759811401367,[-0.10386872]
982,0.07143086,1.3848519325256348,[-0.10386872]
983,0.07143086,1.3286290168762207,[-0.10386872]
984,0.07143086,1.3683488368988037,[-0.10386872]
985,0.07143086,1.392829179763794,[-0.10386872]
986,0.07143086,1.3492224216461182,[-0.10386872]
987,0.07143086,1.4173061847686768,[-0.10386872]
988,0.07143086,1.3857624530792236,[-0.10386872]
989,0.07143086,1.4767494201660156,[-0.10386872]
990,0.07143086,1.3631219863891602,[-0.10386872]
991,0.07143086,1.3992316722869873,[-0.10386872]
992,0.07143086,4.74883770942688,[-0.10386872]
993,0.07143086,1.3180313110351562,[-0.10386872]
994,0.07143086,1.3921215534210205,[-0.10386872]
995,0.07143086,1.3797690868377686,[-0.10386872]
996,0.07143086,1.3841731548309326,[-0.10386872]
997,0.07143086,1.437457799911499,[-0.10386872]
998,0.07143086,1.405548334121704,[-0.10386872]
999,0.07143086,1.3901581764221191,[-0.10386872]
1000,0.07143086,1.353935956954956,[-0.10386872]
1001,0.07143086,1.4182050228118896,[-0.10386872]
1002,0.07143086,1.398291826248169,[-0.10386872]
1003,0.07143086,1.3599791526794434,[-0.10386872]
1004,0.07143086,1.4582276344299316,[-0.10386872]
1005,0.07143086,1.373169183731079,[-0.10386872]
1006,0.07143086,1.4329304695129395,[-0.10386872]
1007,0.07143086,1.3987982273101807,[-0.10386872]
1008,0.07143086,1.3680486679077148,[-0.10386872]
1009,0.07143086,1.4362821578979492,[-0.10386872]
1010,0.07143086,1.3640062808990479,[-0.10386872]
1011,0.07143086,1.3803374767303467,[-0.10386872]
1012,0.07143086,1.3812735080718994,[-0.10386872]
1013,0.07143086,1.3476934432983398,[-0.10386872]
1014,0.07143086,1.3879220485687256,[-0.10386872]
1015,0.07143086,1.38258695602417,[-0.10386872]
1016,0.07143086,1.3793575763702393,[-0.10386872]
1017,0.07143086,1.369385004043579,[-0.10386872]
1018,0.07143086,1.3673453330993652,[-0.10386872]
1019,0.07143086,1.4053876399993896,[-0.10386872]
1020,0.07143086,1.3737812042236328,[-0.10386872]
1021,0.07143086,1.3728218078613281,[-0.10386872]
1022,0.07143086,1.3084874153137207,[-0.10386872]
1023,0.07143086,1.365422248840332,[-0.10386872]
1024,0.07143086,1.4375355243682861,[-0.10386872]
1025,0.07143086,1.365563154220581,[-0.10386872]
1026,0.07143086,1.3982877731323242,[-0.10386872]
1027,0.07143086,1.358867883682251,[-0.10386872]
1028,0.07143086,1.3660557270050049,[-0.10386872]
1029,0.07143086,1.4021108150482178,[-0.10386872]
1030,0.07143086,1.3862731456756592,[-0.10386872]
1031,0.07143086,1.4339532852172852,[-0.10386872]
1032,0.07143086,1.3709683418273926,[-0.10386872]
1033,0.07143086,1.3613102436065674,[-0.10386872]
1034,0.07143086,1.3148279190063477,[-0.10386872]
1035,0.07143086,1.3155438899993896,[-0.10386872]
1036,0.07143086,1.3790123462677002,[-0.10386872]
1037,0.07143086,1.362889289855957,[-0.10386872]
1038,0.07143086,1.355025291442871,[-0.10386872]
1039,0.07143086,1.3774263858795166,[-0.10386872]
1040,0.07143086,1.3481836318969727,[-0.10386872]
1041,0.07143086,1.4266383647918701,[-0.10386872]
1042,0.07143086,1.3652842044830322,[-0.10386872]
1043,0.07143086,1.3585925102233887,[-0.10386872]
1044,0.07143086,1.35622239112854,[-0.10386872]
1045,0.07143086,1.371269941329956,[-0.10386872]
1046,0.07143086,1.4110772609710693,[-0.10386872]
1047,0.07143086,1.3947300910949707,[-0.10386872]
1048,0.07143086,1.3527307510375977,[-0.10386872]
1049,0.07143086,1.3705832958221436,[-0.10386872]
1050,0.07143086,1.3794097900390625,[-0.10386872]
1051,0.07143086,1.4180896282196045,[-0.10386872]
1052,0.07143086,1.3067545890808105,[-0.10386872]
1053,0.07143086,1.3698854446411133,[-0.10386872]
1054,0.07143086,1.3452558517456055,[-0.10386872]
1055,0.07143086,1.3656177520751953,[-0.10386872]
1056,0.07143086,1.3750081062316895,[-0.10386872]
1057,0.07143086,1.3817274570465088,[-0.10386872]
1058,0.07143086,1.405153751373291,[-0.10386872]
1059,0.07143086,1.361311435699463,[-0.10386872]
1060,0.07143086,1.3658502101898193,[-0.10386872]
1061,0.07143086,1.385319709777832,[-0.10386872]
1062,0.07143086,1.3484208583831787,[-0.10386872]
1063,0.07143086,1.495171308517456,[-0.10386872]
1064,0.07143086,1.3155109882354736,[-0.10386872]
1065,0.07143086,1.3974628448486328,[-0.10386872]
1066,0.07143086,1.4215762615203857,[-0.10386872]
1067,0.07143086,1.3477840423583984,[-0.10386872]
1068,0.07143086,1.3198013305664062,[-0.10386872]
1069,0.07143086,1.312706708908081,[-0.10386872]
1070,0.07143086,1.4141817092895508,[-0.10386872]
1071,0.07143086,1.3793127536773682,[-0.10386872]
1072,0.07143086,1.3636894226074219,[-0.10386872]
1073,0.07143086,1.3813064098358154,[-0.10386872]
1074,0.07143086,1.380828857421875,[-0.10386872]
1075,0.07143086,1.4049863815307617,[-0.10386872]
1076,0.07143086,1.40238618850708,[-0.10386872]
1077,0.07143086,1.382108449935913,[-0.10386872]
1078,0.07143086,1.3731279373168945,[-0.10386872]
1079,0.07143086,1.3472166061401367,[-0.10386872]
1080,0.07143086,1.4511168003082275,[-0.10386872]
1081,0.07143086,1.3974859714508057,[-0.10386872]
1082,0.07143086,4.802654027938843,[-0.10386872]
1083,0.07143086,1.4202721118927002,[-0.10386872]
1084,0.07143086,1.3685131072998047,[-0.10386872]
1085,0.07143086,1.3742468357086182,[-0.10386872]
1086,0.07143086,1.331207036972046,[-0.10386872]
1087,0.07143086,1.4206936359405518,[-0.10386872]
1088,0.07143086,1.3854761123657227,[-0.10386872]
1089,0.07143086,1.3238458633422852,[-0.10386872]
1090,0.07143086,1.39156174659729,[-0.10386872]
1091,0.07143086,1.3531520366668701,[-0.10386872]
1092,0.07143086,1.3962883949279785,[-0.10386872]
1093,0.07143086,1.3756775856018066,[-0.10386872]
1094,0.07143086,1.3606383800506592,[-0.10386872]
1095,0.07143086,1.419090747833252,[-0.10386872]
1096,0.07143086,1.3495280742645264,[-0.10386872]
1097,0.07143086,1.420783519744873,[-0.10386872]
1098,0.07143086,1.4012231826782227,[-0.10386872]
1099,0.07143086,1.3901612758636475,[-0.10386872]
1100,0.07143086,1.4076347351074219,[-0.10386872]
1101,0.07143086,1.3676800727844238,[-0.10386872]
1102,0.07143086,1.4675092697143555,[-0.10386872]
1103,0.07143086,1.4153838157653809,[-0.10386872]
1104,0.07143086,1.3747551441192627,[-0.10386872]
1105,0.07143086,1.4900529384613037,[-0.10386872]
1106,0.07143086,1.3739018440246582,[-0.10386872]
1107,0.07143086,1.386810064315796,[-0.10386872]
1108,0.07143086,1.3870635032653809,[-0.10386872]
1109,0.07143086,1.3393206596374512,[-0.10386872]
1110,0.07143086,1.3560435771942139,[-0.10386872]
1111,0.07143086,1.3600540161132812,[-0.10386872]
1112,0.07143086,1.3502230644226074,[-0.10386872]
1113,0.07143086,1.3848755359649658,[-0.10386872]
1114,0.07143086,1.3259687423706055,[-0.10386872]
1115,0.07143086,1.5101542472839355,[-0.10386872]
1116,0.07143086,1.4133315086364746,[-0.10386872]
1117,0.07143086,1.4179656505584717,[-0.10386872]
1118,0.07143086,1.3280842304229736,[-0.10386872]
1119,0.07143086,1.3482229709625244,[-0.10386872]
1120,0.07143086,1.4168450832366943,[-0.10386872]
1121,0.07143086,1.3744218349456787,[-0.10386872]
1122,0.07143086,1.4018950462341309,[-0.10386872]
1123,0.07143086,1.4039528369903564,[-0.10386872]
1124,0.07143086,1.3635318279266357,[-0.10386872]
1125,0.07143086,1.4264857769012451,[-0.10386872]
1126,0.07143086,1.3587646484375,[-0.10386872]
1127,0.07143086,1.4215624332427979,[-0.10386872]
1128,0.07143086,1.3683562278747559,[-0.10386872]
1129,0.07143086,1.3942828178405762,[-0.10386872]
1130,0.07143086,1.3758289813995361,[-0.10386872]
1131,0.07143086,1.3635425567626953,[-0.10386872]
1132,0.07143086,1.4044198989868164,[-0.10386872]
1133,0.07143086,1.374089002609253,[-0.10386872]
1134,0.07143086,1.4052932262420654,[-0.10386872]
1135,0.07143086,1.3580541610717773,[-0.10386872]
1136,0.07143086,1.3828675746917725,[-0.10386872]
1137,0.07143086,1.3505635261535645,[-0.10386872]
1138,0.07143086,1.3753879070281982,[-0.10386872]
1139,0.07143086,1.419456958770752,[-0.10386872]
1140,0.07143086,1.3977880477905273,[-0.10386872]
1141,0.07143086,1.360438585281372,[-0.10386872]
1142,0.07143086,1.363574743270874,[-0.10386872]
1143,0.07143086,1.3584232330322266,[-0.10386872]
1144,0.07143086,1.3792173862457275,[-0.10386872]
1145,0.07143086,1.3517823219299316,[-0.10386872]
1146,0.07143086,1.3050503730773926,[-0.10386872]
1147,0.07143086,1.3493094444274902,[-0.10386872]
1148,0.07143086,1.351311206817627,[-0.10386872]
1149,0.07143086,1.3697946071624756,[-0.10386872]
1150,0.07143086,1.336442470550537,[-0.10386872]
1151,0.07143086,1.3634521961212158,[-0.10386872]
1152,0.07143086,1.403334617614746,[-0.10386872]
1153,0.07143086,1.3875102996826172,[-0.10386872]
1154,0.07143086,1.4121556282043457,[-0.10386872]
1155,0.07143086,1.3234283924102783,[-0.10386872]
1156,0.07143086,1.38246488571167,[-0.10386872]
1157,0.07143086,1.3685674667358398,[-0.10386872]
1158,0.07143086,1.3833129405975342,[-0.10386872]
1159,0.07143086,1.4471311569213867,[-0.10386872]
1160,0.07143086,1.4019222259521484,[-0.10386872]
1161,0.07143086,1.4033153057098389,[-0.10386872]
1162,0.07143086,1.3909013271331787,[-0.10386872]
1163,0.07143086,1.3180077075958252,[-0.10386872]
1164,0.07143086,1.4385731220245361,[-0.10386872]
1165,0.07143086,1.3042800426483154,[-0.10386872]
1166,0.07143086,1.3244116306304932,[-0.10386872]
1167,0.07143086,1.3664979934692383,[-0.10386872]
1168,0.07143086,1.3028335571289062,[-0.10386872]
1169,0.07143086,1.3898053169250488,[-0.10386872]
1170,0.07143086,1.3509154319763184,[-0.10386872]
1171,0.07143086,1.350600004196167,[-0.10386872]
1172,0.07143086,4.738404273986816,[-0.10386872]
1173,0.07143086,1.3670129776000977,[-0.10386872]
1174,0.07143086,1.3976898193359375,[-0.10386872]
1175,0.07143086,1.3291726112365723,[-0.10386872]
1176,0.07143086,1.3754258155822754,[-0.10386872]
1177,0.07143086,1.4092833995819092,[-0.10386872]
1178,0.07143086,1.3468878269195557,[-0.10386872]
1179,0.07143086,1.3913116455078125,[-0.10386872]
1180,0.07143086,1.416680097579956,[-0.10386872]
1181,0.07143086,1.4358911514282227,[-0.10386872]
1182,0.07143086,1.4895830154418945,[-0.10386872]
1183,0.07143086,1.3438925743103027,[-0.10386872]
1184,0.07143086,1.3774299621582031,[-0.10386872]
1185,0.07143086,1.370765209197998,[-0.10386872]
1186,0.07143086,1.3548192977905273,[-0.10386872]
1187,0.07143086,1.3821289539337158,[-0.10386872]
1188,0.07143086,1.3850936889648438,[-0.10386872]
1189,0.07143086,1.377368450164795,[-0.10386872]
1190,0.07143086,1.389331579208374,[-0.10386872]
1191,0.07143086,1.4447886943817139,[-0.10386872]
1192,0.07143086,1.352262258529663,[-0.10386872]
1193,0.07143086,1.3314440250396729,[-0.10386872]
1194,0.07143086,1.3899078369140625,[-0.10386872]
1195,0.07143086,1.3453612327575684,[-0.10386872]
1196,0.07143086,1.391031265258789,[-0.10386872]
1197,0.07143086,1.3865044116973877,[-0.10386872]
1198,0.07143086,1.4278883934020996,[-0.10386872]
1199,0.07143086,1.4098961353302002,[-0.10386872]
1200,0.07143086,1.3325934410095215,[-0.10386872]
1201,0.07143086,1.3931431770324707,[-0.10386872]
1202,0.07143086,1.3735706806182861,[-0.10386872]
1203,0.07143086,1.3471081256866455,[-0.10386872]
1204,0.07143086,1.4066588878631592,[-0.10386872]
1205,0.07143086,1.3694274425506592,[-0.10386872]
1206,0.07143086,1.3862526416778564,[-0.10386872]
1207,0.07143086,1.3524196147918701,[-0.10386872]
1208,0.07143086,1.4025747776031494,[-0.10386872]
1209,0.07143086,1.3980305194854736,[-0.10386872]
1210,0.07143086,1.3447656631469727,[-0.10386872]
1211,0.07143086,1.4071128368377686,[-0.10386872]
1212,0.07143086,1.408689022064209,[-0.10386872]
1213,0.07143086,1.349130392074585,[-0.10386872]
1214,0.07143086,1.3118467330932617,[-0.10386872]
1215,0.07143086,1.3239474296569824,[-0.10386872]
1216,0.07143086,1.37571120262146,[-0.10386872]
1217,0.07143086,1.3674933910369873,[-0.10386872]
1218,0.07143086,1.3713726997375488,[-0.10386872]
1219,0.07143086,1.4088714122772217,[-0.10386872]
1220,0.07143086,1.3667018413543701,[-0.10386872]
1221,0.07143086,1.381516695022583,[-0.10386872]
1222,0.07143086,1.3212568759918213,[-0.10386872]
1223,0.07143086,1.3491489887237549,[-0.10386872]
1224,0.07143086,1.3858983516693115,[-0.10386872]
1225,0.07143086,1.3611133098602295,[-0.10386872]
1226,0.07143086,1.3386778831481934,[-0.10386872]
1227,0.07143086,1.381256341934204,[-0.10386872]
1228,0.07143086,1.359715223312378,[-0.10386872]
1229,0.07143086,1.4060423374176025,[-0.10386872]
1230,0.07143086,1.3809497356414795,[-0.10386872]
1231,0.07143086,1.3879032135009766,[-0.10386872]
1232,0.07143086,1.366339921951294,[-0.10386872]
1233,0.07143086,1.3545336723327637,[-0.10386872]
1234,0.07143086,1.3976738452911377,[-0.10386872]
1235,0.07143086,1.3597805500030518,[-0.10386872]
1236,0.07143086,1.4238860607147217,[-0.10386872]
1237,0.07143086,1.3428237438201904,[-0.10386872]
1238,0.07143086,1.3282432556152344,[-0.10386872]
1239,0.07143086,1.3851277828216553,[-0.10386872]
1240,0.07143086,1.356895923614502,[-0.10386872]
1241,0.07143086,1.3799521923065186,[-0.10386872]
1242,0.07143086,1.373438835144043,[-0.10386872]
1243,0.07143086,1.3444252014160156,[-0.10386872]
1244,0.07143086,1.4478428363800049,[-0.10386872]
1245,0.07143086,1.3745479583740234,[-0.10386872]
1246,0.07143086,1.3784193992614746,[-0.10386872]
1247,0.07143086,1.4502525329589844,[-0.10386872]
1248,0.07143086,1.358635663986206,[-0.10386872]
1249,0.07143086,1.410102128982544,[-0.10386872]
1250,0.07143086,1.3429663181304932,[-0.10386872]
1251,0.07143086,1.400635004043579,[-0.10386872]
1252,0.07143086,1.4092929363250732,[-0.10386872]
1253,0.07143086,1.332230567932129,[-0.10386872]
1254,0.07143086,1.4231290817260742,[-0.10386872]
1255,0.07143086,1.393172264099121,[-0.10386872]
1256,0.07143086,1.3619019985198975,[-0.10386872]
1257,0.07143086,1.3643217086791992,[-0.10386872]
1258,0.07143086,1.3025550842285156,[-0.10386872]
1259,0.07143086,1.4099724292755127,[-0.10386872]
1260,0.07143086,1.3494954109191895,[-0.10386872]
1261,0.07143086,1.3406085968017578,[-0.10386872]
1262,0.07143086,4.740880489349365,[-0.10386872]
1263,0.07143086,1.3640086650848389,[-0.10386872]
1264,0.07143086,1.43766188621521,[-0.10386872]
1265,0.07143086,1.3311352729797363,[-0.10386872]
1266,0.07143086,1.3906433582305908,[-0.10386872]
1267,0.07143086,1.373723030090332,[-0.10386872]
1268,0.07143086,1.3172931671142578,[-0.10386872]
1269,0.07143086,1.410712718963623,[-0.10386872]
1270,0.07143086,1.346398115158081,[-0.10386872]
1271,0.07143086,1.359875202178955,[-0.10386872]
1272,0.07143086,1.4014787673950195,[-0.10386872]
1273,0.07143086,1.3177051544189453,[-0.10386872]
1274,0.07143086,1.4545094966888428,[-0.10386872]
1275,0.07143086,1.3444147109985352,[-0.10386872]
1276,0.07143086,1.3975398540496826,[-0.10386872]
1277,0.07143086,1.3790388107299805,[-0.10386872]
1278,0.07143086,1.3556668758392334,[-0.10386872]
1279,0.07143086,1.4418368339538574,[-0.10386872]
1280,0.07143086,1.360840082168579,[-0.10386872]
1281,0.07143086,1.3750298023223877,[-0.10386872]
1282,0.07143086,1.4085569381713867,[-0.10386872]
1283,0.07143086,1.3655030727386475,[-0.10386872]
1284,0.07143086,1.383664846420288,[-0.10386872]
1285,0.07143086,1.3797979354858398,[-0.10386872]
1286,0.07143086,1.3940834999084473,[-0.10386872]
1287,0.07143086,1.3778529167175293,[-0.10386872]
1288,0.07143086,1.293830156326294,[-0.10386872]
1289,0.07143086,1.3584370613098145,[-0.10386872]
1290,0.07143086,1.3482789993286133,[-0.10386872]
1291,0.07143086,1.4086651802062988,[-0.10386872]
1292,0.07143086,1.3931467533111572,[-0.10386872]
1293,0.07143086,1.3400828838348389,[-0.10386872]
1294,0.07143086,1.3697175979614258,[-0.10386872]
1295,0.07143086,1.4029452800750732,[-0.10386872]
1296,0.07143086,1.3857650756835938,[-0.10386872]
1297,0.07143086,1.4088776111602783,[-0.10386872]
1298,0.07143086,1.3691508769989014,[-0.10386872]
1299,0.07143086,1.4241998195648193,[-0.10386872]
1300,0.07143086,1.3739731311798096,[-0.10386872]
1301,0.07143086,1.3529620170593262,[-0.10386872]
1302,0.07143086,1.3972790241241455,[-0.10386872]
1303,0.07143086,1.354231595993042,[-0.10386872]
1304,0.07143086,1.297278642654419,[-0.10386872]
1305,0.07143086,1.379079818725586,[-0.10386872]
1306,0.07143086,1.322129249572754,[-0.10386872]
1307,0.07143086,1.3926417827606201,[-0.10386872]
1308,0.07143086,1.3869540691375732,[-0.10386872]
1309,0.07143086,1.383194923400879,[-0.10386872]
1310,0.07143086,1.3774538040161133,[-0.10386872]
1311,0.07143086,1.349088430404663,[-0.10386872]
1312,0.07143086,1.403228759765625,[-0.10386872]
1313,0.07143086,1.3533308506011963,[-0.10386872]
1314,0.07143086,1.4476253986358643,[-0.10386872]
1315,0.07143086,1.3794927597045898,[-0.10386872]
1316,0.07143086,1.361618995666504,[-0.10386872]
1317,0.07143086,1.3965580463409424,[-0.10386872]
1318,0.07143086,1.3851542472839355,[-0.10386872]
1319,0.07143086,1.3827433586120605,[-0.10386872]
1320,0.07143086,1.3967664241790771,[-0.10386872]
1321,0.07143086,1.3515527248382568,[-0.10386872]
1322,0.07143086,1.390951156616211,[-0.10386872]
1323,0.07143086,1.3901643753051758,[-0.10386872]
1324,0.07143086,1.333498477935791,[-0.10386872]
1325,0.07143086,1.4081335067749023,[-0.10386872]
1326,0.07143086,1.332813024520874,[-0.10386872]
1327,0.07143086,1.375636339187622,[-0.10386872]
1328,0.07143086,1.373976707458496,[-0.10386872]
1329,0.07143086,1.3530354499816895,[-0.10386872]
1330,0.07143086,1.427112102508545,[-0.10386872]
1331,0.07143086,1.364079475402832,[-0.10386872]
1332,0.07143086,1.3657991886138916,[-0.10386872]
1333,0.07143086,1.3704922199249268,[-0.10386872]
1334,0.07143086,1.3422822952270508,[-0.10386872]
1335,0.07143086,1.3930304050445557,[-0.10386872]
1336,0.07143086,1.3775854110717773,[-0.10386872]
1337,0.07143086,1.3780553340911865,[-0.10386872]
1338,0.07143086,1.4026427268981934,[-0.10386872]
1339,0.07143086,1.362335443496704,[-0.10386872]
1340,0.07143086,1.4748506546020508,[-0.10386872]
1341,0.07143086,1.354907512664795,[-0.10386872]
1342,0.07143086,1.3720548152923584,[-0.10386872]
1343,0.07143086,1.4123423099517822,[-0.10386872]
1344,0.07143086,1.3629441261291504,[-0.10386872]
1345,0.07143086,1.4523365497589111,[-0.10386872]
1346,0.07143086,1.360671043395996,[-0.10386872]
1347,0.07143086,1.3028695583343506,[-0.10386872]
1348,0.07143086,1.4340040683746338,[-0.10386872]
1349,0.07143086,1.3293921947479248,[-0.10386872]
1350,0.07143086,1.3379104137420654,[-0.10386872]
1351,0.07143086,1.398512363433838,[-0.10386872]
1352,0.07143086,4.840000867843628,[-0.10386872]
1353,0.07143086,1.4310667514801025,[-0.10386872]
1354,0.07143086,1.3442528247833252,[-0.10386872]
1355,0.07143086,1.3920297622680664,[-0.10386872]
1356,0.07143086,1.3637101650238037,[-0.10386872]
1357,0.07143086,1.3544321060180664,[-0.10386872]
1358,0.07143086,1.3546314239501953,[-0.10386872]
1359,0.07143086,1.372389793395996,[-0.10386872]
1360,0.07143086,1.3536791801452637,[-0.10386872]
1361,0.07143086,1.4191913604736328,[-0.10386872]
1362,0.07143086,1.373793125152588,[-0.10386872]
1363,0.07143086,1.348252534866333,[-0.10386872]
1364,0.07143086,1.3053674697875977,[-0.10386872]
1365,0.07143086,1.3542780876159668,[-0.10386872]
1366,0.07143086,1.3682622909545898,[-0.10386872]
1367,0.07143086,1.3409690856933594,[-0.10386872]
1368,0.07143086,1.3712103366851807,[-0.10386872]
1369,0.07143086,1.3565411567687988,[-0.10386872]
1370,0.07143086,1.4040517807006836,[-0.10386872]
1371,0.07143086,1.3716537952423096,[-0.10386872]
1372,0.07143086,1.3248097896575928,[-0.10386872]
1373,0.07143086,1.4090027809143066,[-0.10386872]
1374,0.07143086,1.3890583515167236,[-0.10386872]
1375,0.07143086,1.4198601245880127,[-0.10386872]
1376,0.07143086,1.410714864730835,[-0.10386872]
1377,0.07143086,1.353053331375122,[-0.10386872]
1378,0.07143086,1.4081940650939941,[-0.10386872]
1379,0.07143086,1.4121248722076416,[-0.10386872]
1380,0.07143086,1.356130838394165,[-0.10386872]
1381,0.07143086,1.4580612182617188,[-0.10386872]
1382,0.07143086,1.4615726470947266,[-0.10386872]
1383,0.07143086,1.3918664455413818,[-0.10386872]
1384,0.07143086,1.3611793518066406,[-0.10386872]
1385,0.07143086,1.3827316761016846,[-0.10386872]
1386,0.07143086,1.4327688217163086,[-0.10386872]
1387,0.07143086,1.382934808731079,[-0.10386872]
1388,0.07143086,1.3757538795471191,[-0.10386872]
1389,0.07143086,1.3792204856872559,[-0.10386872]
1390,0.07143086,1.365793228149414,[-0.10386872]
1391,0.07143086,1.3874528408050537,[-0.10386872]
1392,0.07143086,1.336519479751587,[-0.10386872]
1393,0.07143086,1.3649957180023193,[-0.10386872]
1394,0.07143086,1.3620517253875732,[-0.10386872]
1395,0.07143086,1.3384153842926025,[-0.10386872]
1396,0.07143086,1.388563632965088,[-0.10386872]
1397,0.07143086,1.3998570442199707,[-0.10386872]
1398,0.07143086,1.3881220817565918,[-0.10386872]
1399,0.07143086,1.3981833457946777,[-0.10386872]
1400,0.07143086,1.3855512142181396,[-0.10386872]
1401,0.07143086,1.361525297164917,[-0.10386872]
1402,0.07143086,1.4263606071472168,[-0.10386872]
1403,0.07143086,1.3467142581939697,[-0.10386872]
1404,0.07143086,1.4867057800292969,[-0.10386872]
1405,0.07143086,1.3424170017242432,[-0.10386872]
1406,0.07143086,1.3505942821502686,[-0.10386872]
1407,0.07143086,1.3448185920715332,[-0.10386872]
1408,0.07143086,1.3716378211975098,[-0.10386872]
1409,0.07143086,1.4026455879211426,[-0.10386872]
1410,0.07143086,1.3575615882873535,[-0.10386872]
1411,0.07143086,1.4131994247436523,[-0.10386872]
1412,0.07143086,1.3532688617706299,[-0.10386872]
1413,0.07143086,1.3361072540283203,[-0.10386872]
1414,0.07143086,1.4324049949645996,[-0.10386872]
1415,0.07143086,1.399848222732544,[-0.10386872]
1416,0.07143086,1.3916361331939697,[-0.10386872]
1417,0.07143086,1.3776276111602783,[-0.10386872]
1418,0.07143086,1.3966243267059326,[-0.10386872]
1419,0.07143086,1.3868498802185059,[-0.10386872]
1420,0.07143086,1.3630220890045166,[-0.10386872]
1421,0.07143086,1.3637490272521973,[-0.10386872]
1422,0.07143086,1.4343039989471436,[-0.10386872]
1423,0.07143086,1.357426404953003,[-0.10386872]
1424,0.07143086,1.3961002826690674,[-0.10386872]
1425,0.07143086,1.3498501777648926,[-0.10386872]
1426,0.07143086,1.3367114067077637,[-0.10386872]
1427,0.07143086,1.3850243091583252,[-0.10386872]
1428,0.07143086,1.3905656337738037,[-0.10386872]
1429,0.07143086,1.356980562210083,[-0.10386872]
1430,0.07143086,1.4105486869812012,[-0.10386872]
1431,0.07143086,1.3874742984771729,[-0.10386872]
1432,0.07143086,1.3862926959991455,[-0.10386872]
1433,0.07143086,1.4019489288330078,[-0.10386872]
1434,0.07143086,1.4117591381072998,[-0.10386872]
1435,0.07143086,1.4167144298553467,[-0.10386872]
1436,0.07143086,1.3389191627502441,[-0.10386872]
1437,0.07143086,1.4429645538330078,[-0.10386872]
1438,0.07143086,1.3568909168243408,[-0.10386872]
1439,0.07143086,1.3603503704071045,[-0.10386872]
1440,0.07143086,1.3900344371795654,[-0.10386872]
1441,0.07143086,1.392246961593628,[-0.10386872]
1442,0.07143086,4.765237092971802,[-0.10386872]
1443,0.07143086,1.3545985221862793,[-0.10386872]
1444,0.07143086,1.3232827186584473,[-0.10386872]
1445,0.07143086,1.417020559310913,[-0.10386872]
1446,0.07143086,1.354637622833252,[-0.10386872]
1447,0.07143086,1.3912410736083984,[-0.10386872]
1448,0.07143086,1.3595876693725586,[-0.10386872]
1449,0.07143086,1.344714641571045,[-0.10386872]
1450,0.07143086,1.413205862045288,[-0.10386872]
1451,0.07143086,1.352975606918335,[-0.10386872]
1452,0.07143086,1.3710346221923828,[-0.10386872]
1453,0.07143086,1.3944127559661865,[-0.10386872]
1454,0.07143086,1.3521618843078613,[-0.10386872]
1455,0.07143086,1.3826651573181152,[-0.10386872]
1456,0.07143086,1.3568506240844727,[-0.10386872]
1457,0.07143086,1.3543691635131836,[-0.10386872]
1458,0.07143086,1.4407405853271484,[-0.10386872]
1459,0.07143086,1.3851587772369385,[-0.10386872]
1460,0.07143086,1.3498942852020264,[-0.10386872]
1461,0.07143086,1.3664186000823975,[-0.10386872]
1462,0.07143086,1.4070158004760742,[-0.10386872]
1463,0.07143086,1.4206492900848389,[-0.10386872]
1464,0.07143086,1.3898594379425049,[-0.10386872]
1465,0.07143086,1.3508834838867188,[-0.10386872]
1466,0.07143086,1.4016358852386475,[-0.10386872]
1467,0.07143086,1.3403735160827637,[-0.10386872]
1468,0.07143086,1.422346591949463,[-0.10386872]
1469,0.07143086,1.3557970523834229,[-0.10386872]
1470,0.07143086,1.383777141571045,[-0.10386872]
1471,0.07143086,1.4585645198822021,[-0.10386872]
1472,0.07143086,1.3330762386322021,[-0.10386872]
1473,0.07143086,1.3895668983459473,[-0.10386872]
1474,0.07143086,1.4340641498565674,[-0.10386872]
1475,0.07143086,1.412931203842163,[-0.10386872]
1476,0.07143086,1.3906588554382324,[-0.10386872]
1477,0.07143086,1.370422601699829,[-0.10386872]
1478,0.07143086,1.3504953384399414,[-0.10386872]
1479,0.07143086,1.336545705795288,[-0.10386872]
1480,0.07143086,1.3021068572998047,[-0.10386872]
1481,0.07143086,1.3905208110809326,[-0.10386872]
1482,0.07143086,1.3347938060760498,[-0.10386872]
1483,0.07143086,1.3275361061096191,[-0.10386872]
1484,0.07143086,1.3826661109924316,[-0.10386872]
1485,0.07143086,1.376084804534912,[-0.10386872]
1486,0.07143086,1.3853905200958252,[-0.10386872]
1487,0.07143086,1.3652279376983643,[-0.10386872]
1488,0.07143086,1.3802363872528076,[-0.10386872]
1489,0.07143086,1.4384565353393555,[-0.10386872]
1490,0.07143086,1.3388166427612305,[-0.10386872]
1491,0.07143086,1.4328737258911133,[-0.10386872]
1492,0.07143086,1.334381341934204,[-0.10386872]
1493,0.07143086,1.3250212669372559,[-0.10386872]
1494,0.07143086,1.338043451309204,[-0.10386872]
1495,0.07143086,1.3554956912994385,[-0.10386872]
1496,0.07143086,1.3856778144836426,[-0.10386872]
1497,0.07143086,1.364013910293579,[-0.10386872]
1498,0.07143086,1.3748252391815186,[-0.10386872]
1499,0.07143086,1.3776843547821045,[-0.10386872]
