iteration,max_fitness,time,test_accuracy
0,-0.9613633,0.0,-1.2141819
1,-1.0065572,12.459480285644531,[-1.2141819]
2,-0.8791115,12.841668367385864,[-1.2368047]
3,-0.89620805,12.694547176361084,[-1.2196028]
4,-1.0256119,12.974665403366089,[-1.2140474]
5,-0.9235016,12.760383129119873,[-1.22704]
6,-0.90962505,12.63876223564148,[-1.2192371]
7,-0.9281846,12.651941061019897,[-1.2203958]
8,-1.0102284,12.748193979263306,[-1.2173617]
9,-0.94799364,12.474798679351807,[-1.2134502]
10,-0.7959777,12.913827896118164,[-1.2329814]
11,-0.94758344,12.486775875091553,[-1.2091334]
12,-0.8665533,12.802148580551147,[-1.2336059]
13,-0.9062536,12.472392559051514,[-1.2253857]
14,-0.96781456,12.73952317237854,[-1.2213588]
15,-0.77801085,12.23009181022644,[-1.2074192]
16,-0.91522586,12.81582498550415,[-1.2159891]
17,-0.9121288,12.489261627197266,[-1.2159891]
18,-0.89923525,12.75520944595337,[-1.2077925]
19,-0.9290296,12.628620386123657,[-1.2173219]
20,-0.90357506,12.762165546417236,[-1.2159891]
21,-0.95751,12.686858415603638,[-1.2100866]
22,-0.81194377,12.437609672546387,[-1.2093873]
23,-0.89974725,12.884950399398804,[-1.2078378]
24,-0.9224516,12.38273572921753,[-1.2120302]
25,-0.79958665,12.81653380393982,[-1.2209547]
26,-0.96593165,12.480158805847168,[-1.2105653]
27,-0.83382714,12.88745379447937,[-1.2162354]
28,-0.8393836,12.671000480651855,[-1.2094407]
29,-0.9512378,12.992021560668945,[-1.2094407]
30,-0.8997538,12.47551155090332,[-1.213835]
31,-1.0230222,12.796974420547485,[-1.2148435]
32,-0.8283999,12.588496923446655,[-1.2120302]
33,-0.82721317,12.626195669174194,[-0.8900492]
34,-0.7733587,12.451403141021729,[-0.8893156]
35,-0.8411089,12.776679277420044,[-0.8924105]
36,-0.8497126,12.980453252792358,[-0.8900492]
37,-0.75795066,12.723144054412842,[-0.88875353]
38,-0.79126716,12.606716632843018,[-0.887444]
39,-0.74265933,12.657905578613281,[-0.8875592]
40,-0.7379203,13.162343263626099,[-0.8893156]
41,-0.774735,12.572793960571289,[-0.8893156]
42,-0.83827484,12.889495134353638,[-0.8878614]
43,-0.8383664,12.460949659347534,[-0.88776696]
44,-0.81661713,12.863873958587646,[-0.8877293]
45,-0.86336255,12.733704805374146,[-0.88893867]
46,-0.7514585,12.655769348144531,[-0.8885027]
47,-0.81670606,12.496796607971191,[-0.8873726]
48,-0.58226717,12.864154815673828,[-0.9120532]
49,-0.5549898,12.4284348487854,[-0.83107865]
50,-0.5928339,13.527321338653564,[-0.73181593]
51,-0.41677332,12.687324047088623,[-0.5568886]
52,-0.3088237,12.261933088302612,[-0.41269815]
53,-0.22048485,12.662166833877563,[-0.29706347]
54,0.34704316,12.91173768043518,[0.13119376]
55,0.31004322,12.974357604980469,[0.13119376]
56,0.3045594,12.84522294998169,[0.13119376]
57,0.33386028,13.076411247253418,[0.13119376]
58,0.37646276,12.821571826934814,[0.13119376]
59,0.3000908,13.15568494796753,[0.13119376]
60,0.2951398,13.375646829605103,[0.13119376]
61,0.28847724,12.992655992507935,[0.13119376]
62,0.30557036,13.272519826889038,[0.13119376]
63,0.31735492,13.122228145599365,[0.13119376]
64,0.29196328,13.194484949111938,[0.13119376]
65,0.36859798,13.045591831207275,[0.13119376]
66,0.5946543,13.061511516571045,[0.48745173]
67,0.80886304,12.775389432907104,[0.7850009]
68,0.8113165,13.246911764144897,[0.7991568]
69,0.80947894,13.31989073753357,[0.7991568]
70,0.80443525,13.258248567581177,[0.8173421]
71,0.8162777,13.183266401290894,[0.8213187]
72,0.8333751,13.117972373962402,[0.8221158]
73,0.81875145,13.309475183486938,[0.8222114]
74,0.8263799,13.169079065322876,[0.819378]
75,0.8253222,13.372180700302124,[0.8222114]
76,0.8309066,13.157041311264038,[0.8232066]
77,0.81377494,13.403655052185059,[0.82328933]
78,0.82926804,13.292076587677002,[0.81669277]
79,0.8221724,13.280377626419067,[0.81669277]
80,0.82982904,13.286623001098633,[0.828882]
81,0.8267057,12.989158391952515,[0.828882]
82,0.8207195,33.11572003364563,[0.819378]
83,0.82385784,13.153032064437866,[0.828882]
84,0.8223006,13.050109148025513,[0.8292989]
85,0.83255017,13.13559603691101,[0.8292989]
86,0.8277083,12.998534679412842,[0.8282703]
87,0.8224759,13.274394750595093,[0.828882]
88,0.8261489,13.274460077285767,[0.828882]
89,0.82586944,13.097499370574951,[0.8285215]
90,0.82553005,12.671149969100952,[0.828882]
91,0.8301183,13.062746047973633,[0.8255472]
92,0.8389439,13.044981956481934,[0.828882]
93,0.83739924,13.012315511703491,[0.83218956]
94,0.82796603,13.085426807403564,[0.8285215]
95,0.8264293,12.714956521987915,[0.8325237]
96,0.8287666,13.1103675365448,[0.8259972]
97,0.8254592,12.966756820678711,[0.82787955]
98,0.819673,12.906179428100586,[0.8226399]
99,0.8255572,12.637533187866211,[0.8273901]
100,0.8390452,13.363595485687256,[0.8307111]
101,0.8229467,12.889221906661987,[0.8307111]
102,0.8228539,13.46713137626648,[0.8273901]
103,0.8246318,13.453327655792236,[0.82838595]
104,0.8449183,13.07846474647522,[0.82725036]
105,0.82220227,13.234225511550903,[0.8294734]
106,0.83089244,12.700775384902954,[0.8300853]
107,0.8212896,13.0134916305542,[0.8327471]
108,0.83265525,12.595774173736572,[0.8265369]
109,0.8251039,13.053631782531738,[0.830137]
110,0.8331599,12.682255029678345,[0.82672167]
111,0.8300016,13.016134977340698,[0.8265369]
112,0.8247356,12.74567699432373,[0.8215901]
113,0.82931006,12.874013185501099,[0.830137]
114,0.832695,12.481138944625854,[0.82631886]
115,0.8335653,12.847363710403442,[0.82725036]
116,0.8340976,12.811947107315063,[0.8275013]
117,0.83444905,12.973717212677002,[0.8275013]
118,0.83108157,12.75265622138977,[0.8280761]
119,0.8284291,12.826269626617432,[0.8315069]
120,0.8276388,12.885298490524292,[0.82805896]
121,0.8335483,12.84732961654663,[0.826242]
122,0.8264852,12.96863603591919,[0.8264487]
123,0.8202889,12.433891773223877,[0.8331373]
124,0.8301278,13.06072735786438,[0.8281958]
125,0.83117306,12.715893507003784,[0.82948923]
126,0.8391984,12.847540140151978,[0.8303087]
127,0.82870144,12.835588216781616,[0.8331373]
128,0.83177775,12.517587661743164,[0.8331373]
129,0.83157766,12.779178857803345,[0.8303087]
130,0.82588655,12.808807611465454,[0.8280877]
131,0.8380844,13.119707822799683,[0.8291027]
132,0.82413054,12.969439268112183,[0.8280877]
133,0.8184721,13.0856614112854,[0.8289888]
134,0.8531404,12.945542097091675,[0.8298663]
135,0.8321519,12.63558578491211,[0.8289628]
136,0.8364237,13.006221532821655,[0.8289888]
137,0.82960683,13.090705156326294,[0.82656413]
138,0.8185999,12.968787908554077,[0.8290466]
139,0.8393196,12.958791971206665,[0.8321128]
140,0.8405838,12.83132529258728,[0.8298663]
141,0.8326706,12.988611698150635,[0.82729375]
142,0.8314838,12.743233680725098,[0.8334088]
143,0.8340146,13.048653364181519,[0.8293276]
144,0.8386785,13.047694683074951,[0.83263606]
145,0.8293464,13.117771863937378,[0.8343745]
146,0.8498907,13.166851997375488,[0.8329718]
147,0.8324717,12.835979700088501,[0.8344297]
148,0.837267,13.1644606590271,[0.8344546]
149,0.83855957,12.968766212463379,[0.8326134]
150,0.83922124,12.993441581726074,[0.8344297]
151,0.83645403,12.942219257354736,[0.8293276]
152,0.83655465,12.952166557312012,[0.8299753]
153,0.81846845,13.339654207229614,[0.8323081]
154,0.83503073,13.027743339538574,[0.8326134]
155,0.8308889,13.046125888824463,[0.82802784]
156,0.83124095,13.458688020706177,[-1864398.1]
157,0.829055,12.904666662216187,[0.8314153]
158,0.82308376,13.381408452987671,[0.8322752]
159,0.8376126,13.233722448348999,[0.8344297]
160,0.8338934,13.611966848373413,[0.8301658]
161,0.8338883,13.68184208869934,[0.8313263]
162,0.8351279,13.483817338943481,[0.83313984]
163,0.83603835,13.394607067108154,[0.8336317]
164,0.839751,13.497589588165283,[0.83263606]
165,0.8279772,13.27192497253418,[0.82802784]
166,0.82481813,13.465364694595337,[0.83190835]
167,0.8310921,13.442135334014893,[0.8329712]
168,0.83920974,13.499572515487671,[0.82873404]
169,0.83546233,13.377166032791138,[0.82873404]
170,0.82223827,13.16472053527832,[0.8264406]
171,0.84491396,13.47628116607666,[0.8332693]
172,0.82823485,13.37166142463684,[0.83596325]
173,0.82742155,13.486285924911499,[0.83092517]
174,0.8312549,13.366267204284668,[0.8322833]
175,0.8326327,13.252552032470703,[0.8322833]
176,0.8364048,13.457162141799927,[0.8322833]
177,0.8284821,13.122850179672241,[0.83337986]
178,0.8385413,13.301157712936401,[0.83337986]
179,0.83269835,13.306214094161987,[0.83287996]
180,0.84585303,13.035335540771484,[0.8344793]
181,0.8383508,13.195909976959229,[0.82872355]
182,0.83536416,13.10723066329956,[0.83782417]
183,0.8410672,13.1712806224823,[0.83659214]
184,0.839111,13.302891731262207,[0.8344793]
185,0.8386038,13.031735181808472,[0.832219]
186,0.8402589,13.499165773391724,[0.834291]
187,0.836626,13.636953592300415,[0.834291]
188,0.84437174,13.478458166122437,[0.8372776]
189,0.84236276,13.583619594573975,[0.8373085]
190,0.8465497,13.460922956466675,[0.83315957]
191,0.8499734,13.468185901641846,[0.83182156]
192,0.83006215,13.246637105941772,[0.836703]
193,0.8346071,13.18238878250122,[0.8345829]
194,0.8387515,13.503247499465942,[0.8345829]
195,0.83841336,13.194649696350098,[0.83760875]
196,0.8354976,13.19746208190918,[0.83328444]
197,0.8334863,13.201964378356934,[0.83497727]
198,0.8301815,13.104968786239624,[0.8345829]
199,0.83851075,13.232913255691528,[0.83497727]
200,0.8416485,13.29010009765625,[0.82900083]
201,0.8293911,13.109272003173828,[0.83355093]
202,0.83331573,13.375171184539795,[0.83355093]
203,0.8394462,13.092511653900146,[0.83686423]
204,0.8380346,13.304540157318115,[0.83177096]
205,0.83773434,12.912863492965698,[0.8345829]
206,0.8247446,13.17959213256836,[0.83570343]
207,0.82525146,13.164555549621582,[0.82900083]
208,0.8399586,12.822740316390991,[0.83315957]
209,0.8288045,13.423269510269165,[0.83570343]
210,0.84726083,13.229841709136963,[0.83570343]
211,0.8362641,13.04132890701294,[0.83794785]
212,0.8356112,13.179414987564087,[0.83426]
213,0.8308707,13.265393733978271,[0.8319035]
214,0.84244883,13.348615884780884,[0.8378166]
215,0.8280653,13.264474153518677,[0.8330706]
216,0.8280152,13.180598497390747,[0.83514297]
217,0.8197434,13.47130560874939,[0.8330706]
218,0.8500526,12.674988985061646,[0.8336092]
219,0.8374933,13.044928073883057,[0.8361994]
220,0.8344049,12.929868698120117,[0.83695114]
221,0.83631754,13.269928455352783,[0.83695114]
222,0.84965026,13.493307113647461,[0.86108124]
223,0.8466884,13.425071477890015,[0.8640339]
224,0.859506,13.827295541763306,[0.85704184]
225,0.85532886,13.29639720916748,[0.85704184]
226,0.86122686,13.039377450942993,[0.85704184]
227,0.85183734,13.299687385559082,[0.85704184]
228,0.8651216,12.89175295829773,[0.86175716]
229,0.85757387,13.253157377243042,[0.86175716]
230,0.8569452,13.438508749008179,[0.86017185]
231,0.8768304,13.187904834747314,[0.85986423]
232,0.875161,13.425591707229614,[0.8692167]
233,0.8650558,13.201394081115723,[0.86787164]
234,0.8679002,13.263827800750732,[0.86696386]
235,0.86842394,13.373294591903687,[0.86312485]
236,0.8516865,13.20241904258728,[0.86312485]
237,0.8678092,13.424459457397461,[0.86787164]
238,0.8594068,13.390543460845947,[0.8654728]
239,0.8678532,13.232385873794556,[0.86217]
240,0.8680527,13.312661170959473,[0.86787164]
241,0.86455667,13.296395540237427,[0.8670538]
242,0.864459,13.413140058517456,[0.86255074]
243,0.85819614,13.305669784545898,[0.8654728]
244,0.8576298,13.02175521850586,[0.8652056]
245,0.85993254,13.542857646942139,[0.8656254]
246,0.87269723,13.435972452163696,[0.8687219]
247,0.86758125,13.28060507774353,[0.8652056]
248,0.8617655,13.419623851776123,[0.8656254]
249,0.8604655,13.395837545394897,[0.8652056]
250,0.8695179,13.430852890014648,[0.8654728]
251,0.86421794,34.262741565704346,[0.8656254]
252,0.86017567,13.476990938186646,[0.8687219]
253,0.86052144,13.916816234588623,[0.86310726]
254,0.8657979,13.60078501701355,[0.8670538]
255,0.85441303,13.712680101394653,[0.8656254]
256,0.85935265,13.61687970161438,[0.86255074]
257,0.87256455,13.254390478134155,[0.86798096]
258,0.8565155,13.473779916763306,[0.8575021]
259,0.8657579,13.327454328536987,[0.8670538]
260,0.8617701,13.705783605575562,[0.8635135]
261,0.8575481,13.514530658721924,[0.85445833]
262,0.8668222,13.381413698196411,[0.8670538]
263,0.8590423,13.323201656341553,[0.86798096]
264,0.8631033,13.561496019363403,[0.8656254]
265,0.86597073,13.34869384765625,[0.8654728]
266,0.8671571,13.670287132263184,[0.86898565]
267,0.8648826,13.513264179229736,[0.86898565]
268,0.86717165,13.64012360572815,[0.86898565]
269,0.8656478,13.717137575149536,[0.8636059]
270,0.86412454,13.310757875442505,[0.86898565]
271,0.85406077,13.483927726745605,[0.86161864]
272,0.86694235,13.443221807479858,[0.8665035]
273,0.85016614,13.643423318862915,[0.86898565]
274,0.86197746,13.549911260604858,[0.8636059]
275,0.8718817,13.72927188873291,[-1527.0771]
276,0.85602945,13.335863590240479,[0.8646563]
277,0.86377263,13.351396799087524,[0.86222446]
278,0.8702752,13.237279891967773,[0.86222446]
279,0.86149395,13.225122690200806,[0.86898565]
280,0.8702924,13.730664730072021,[0.86898565]
281,0.8703195,13.350823879241943,[0.8688582]
282,0.8651935,13.50407361984253,[0.86222446]
283,0.86525714,12.818931341171265,[0.86222446]
284,0.87354404,13.005647897720337,[0.8646563]
285,0.8635061,13.522865533828735,[0.8651204]
286,0.86946213,13.397710800170898,[0.8688582]
287,0.8592737,13.389203310012817,[0.8636059]
288,0.8599518,13.54876446723938,[0.86898565]
289,0.8603884,13.435776472091675,[0.8669941]
290,0.8632232,13.375267028808594,[0.8650247]
291,0.86531615,13.420761823654175,[0.8669941]
292,0.8652903,13.354586362838745,[0.8669941]
293,0.85315895,13.336353540420532,[0.8636059]
294,0.86502993,13.602425336837769,[0.86544126]
295,0.8643148,13.1834557056427,[0.8650247]
296,0.8700182,13.697368621826172,[0.8650247]
297,0.8636402,13.397425174713135,[0.8650247]
298,0.86018765,13.310828685760498,[0.86222446]
299,0.86733943,13.542840242385864,[0.8643468]
300,0.8766475,13.146844625473022,[0.87049884]
301,0.86142516,13.428102254867554,[0.87049884]
302,0.87428963,13.304131984710693,[0.87340045]
303,0.874406,13.505858898162842,[0.87049884]
304,0.8771547,13.399646043777466,[0.8728469]
305,0.8620006,13.287621259689331,[0.8706071]
306,0.8687163,13.270791053771973,[0.87231934]
307,0.8614054,13.209224462509155,[0.8728469]
308,0.86133987,13.166399717330933,[0.8706071]
309,0.85480773,13.337733507156372,[0.8694654]
310,0.8613826,13.148130893707275,[0.8667079]
311,0.864846,13.427787065505981,[0.8694654]
312,0.8660179,13.190793991088867,[0.8694654]
313,0.87364113,13.678705215454102,[0.87219465]
314,0.8688586,13.756770849227905,[0.8728469]
315,0.86994624,13.980967998504639,[0.8706071]
316,0.8635221,13.964796304702759,[0.8698145]
317,0.86605626,13.685102462768555,[0.8706071]
318,0.8678702,13.250657558441162,[0.8728469]
319,0.8615002,13.70780086517334,[0.8667079]
320,0.87070787,13.195348501205444,[0.87231934]
321,0.86687624,13.47777533531189,[0.87049884]
322,0.8685117,13.516542196273804,[0.86936253]
323,0.8571067,13.29676103591919,[0.8667079]
324,0.8586,13.405439615249634,[0.8694654]
325,0.87404245,13.16927981376648,[0.8706071]
326,0.8682494,13.007928609848022,[0.8694654]
327,0.867779,13.431236505508423,[0.87218964]
328,0.8643469,13.021260499954224,[0.8701023]
329,0.87091637,13.403121948242188,[0.8714682]
330,0.8640623,13.333606958389282,[0.87132025]
331,0.86931324,13.1640305519104,[0.8734642]
332,0.88267034,13.517414569854736,[0.87218964]
333,0.86407715,13.193995714187622,[0.8709212]
334,0.865134,13.566149950027466,[0.8694818]
335,0.85330766,13.273258447647095,[0.8709212]
336,0.8727048,13.205511331558228,[0.8709212]
337,0.8634369,13.188470840454102,[0.86970663]
338,0.85869575,13.23494815826416,[0.8694654]
339,0.86566836,13.439470291137695,[0.86970663]
340,0.8644521,13.18581509590149,[0.86807334]
341,0.860252,13.214554786682129,[0.86970663]
342,0.86911094,13.018473148345947,[0.8731714]
343,0.8618852,12.935403823852539,[0.87253785]
344,0.87398183,13.091886281967163,[0.8615439]
345,0.8691772,12.766682624816895,[0.87253785]
346,0.85962296,12.76244568824768,[0.87253785]
347,0.8666532,13.001314163208008,[0.87101746]
348,0.864771,12.956687688827515,[0.87201685]
349,0.86459696,12.917093276977539,[0.8711145]
350,0.86202353,12.96918535232544,[0.87103254]
351,0.87534106,12.877959251403809,[0.87103254]
352,0.87103117,13.669430494308472,[0.8685116]
353,0.88106346,13.359284400939941,[0.8685116]
354,0.86641,13.530540227890015,[0.8685116]
355,0.8755363,13.293708801269531,[0.867757]
356,0.8796217,13.23653793334961,[0.8685116]
357,0.8677143,13.29298448562622,[0.8685116]
358,0.8643286,12.577890396118164,[0.8701023]
359,0.860475,12.999826192855835,[0.8694818]
360,0.86444867,12.823613166809082,[0.8683486]
361,0.8717423,13.25879168510437,[0.8683486]
362,0.8737478,12.890637159347534,[0.872764]
363,0.86977816,12.911178350448608,[0.86970663]
364,0.86908567,12.811375856399536,[0.8711145]
365,0.8617881,12.746015548706055,[0.86412954]
366,0.8664227,13.378825902938843,[0.8711145]
367,0.858154,12.74970030784607,[0.87253785]
368,0.8724772,12.682465076446533,[0.871029]
369,0.8659184,13.023124933242798,[0.87253785]
370,0.8704076,12.891518592834473,[0.86802584]
371,0.86116284,13.177260160446167,[0.87101746]
372,0.8669468,12.936801195144653,[0.86802584]
373,0.8713945,13.166489362716675,[0.86970663]
374,0.87126553,12.468085765838623,[0.8514813]
375,0.8660085,12.969797372817993,[0.8649597]
376,0.8672682,12.875299215316772,[0.8649597]
377,0.8628155,12.563767671585083,[0.87010163]
378,0.8535164,13.114041805267334,[0.87231934]
379,0.8604093,12.79813027381897,[0.87041306]
380,0.867902,12.869921445846558,[0.87253785]
381,0.8667448,12.896758317947388,[0.8711145]
382,0.85274273,13.707345008850098,[0.8661613]
383,0.86315966,13.542237520217896,[0.86974907]
384,0.8743106,13.119508981704712,[0.8694818]
385,0.8699939,12.895420789718628,[0.87041306]
386,0.86855704,12.7424635887146,[0.87253785]
387,0.870126,12.927203893661499,[0.87216306]
388,0.87351096,13.399988412857056,[0.8713258]
389,0.8651982,13.247612476348877,[0.86970663]
390,0.8726083,13.49832558631897,[0.8713258]
391,0.87346554,13.225468873977661,[0.86970663]
392,0.85546124,12.750723123550415,[0.86970663]
393,0.8740276,12.81160593032837,[0.86837363]
394,0.8587854,12.894886493682861,[0.8711145]
395,0.87418795,13.183425188064575,[0.86970663]
396,0.8694022,13.53143572807312,[0.87216306]
397,0.8482153,13.690489530563354,[0.86616546]
398,0.872118,13.820727109909058,[0.87029934]
399,0.86282307,13.641631603240967,[0.86970663]
400,0.87994516,13.702547550201416,[0.8732087]
401,0.8689587,13.487651586532593,[0.86970663]
402,0.8716668,13.031981229782104,[0.8731714]
403,0.8624601,13.346099853515625,[0.8685765]
404,0.8629848,13.61810827255249,[0.8685765]
405,0.85815394,13.666528701782227,[0.8713258]
406,0.8601861,13.27604365348816,[0.86970663]
407,0.87678003,13.330037117004395,[0.8729234]
408,0.8675057,13.250436305999756,[0.8713258]
409,0.8740692,13.674750804901123,[0.872764]
410,0.8611955,13.660818576812744,[0.87216306]
411,0.8757199,13.410531759262085,[0.8741535]
412,0.8753033,13.304773092269897,[0.87361157]
413,0.86704254,13.321245193481445,[0.8729234]
414,0.8635828,13.295362949371338,[0.86802584]
415,0.8752955,13.550036191940308,[0.8725367]
416,0.871102,13.304926633834839,[0.8713258]
417,0.86838484,13.37376856803894,[0.8709212]
418,0.86618483,13.401672124862671,[0.8713258]
419,0.8596374,13.240960121154785,[0.8711145]
420,0.86516404,13.26852297782898,[0.86970663]
421,0.8670399,34.77741575241089,[0.8713258]
422,0.86222947,13.445200204849243,[0.87029934]
423,0.8688874,13.649335145950317,[0.872764]
424,0.86798924,13.543452978134155,[0.8709212]
425,0.8694558,13.446128368377686,[0.86834776]
426,0.86676174,13.808403253555298,[0.87430966]
427,0.8648146,13.453756332397461,[0.85886896]
428,0.87620276,13.93079400062561,[0.8698145]
429,0.87185216,13.697822093963623,[0.86837363]
430,0.8656155,13.362289428710938,[0.8694654]
431,0.86961293,13.665075778961182,[0.86970663]
432,0.87254447,13.257481813430786,[0.87041306]
433,0.85893756,13.440328598022461,[0.86966836]
434,0.8605243,13.446703433990479,[0.86966836]
435,0.8717773,13.398216485977173,[0.86837363]
436,0.86510104,13.384653329849243,[0.8710934]
437,0.8670077,13.396580457687378,[0.87293684]
438,0.86780256,13.30433440208435,[0.86834776]
439,0.86906517,13.106872081756592,[0.86970663]
440,0.87390065,13.001732349395752,[0.8695388]
441,0.86375624,13.503223657608032,[0.86834776]
442,0.873209,13.347295999526978,[0.8705758]
443,0.8670824,13.113924741744995,[0.8705758]
444,0.85943764,13.484232664108276,[0.87216306]
445,0.875061,13.167657852172852,[0.87253785]
446,0.8672211,13.00772738456726,[0.87132025]
447,0.8627013,13.52619218826294,[0.86683685]
448,0.8679553,13.693365812301636,[0.87033844]
449,0.8695528,13.27542519569397,[0.86970663]
450,0.8728218,13.103370189666748,[0.87029934]
451,0.86179614,13.146463871002197,[0.86970663]
452,0.8790227,13.266867876052856,[0.8710872]
453,0.86743826,13.153435468673706,[0.8705758]
454,0.87532395,12.967543601989746,[0.87253785]
455,0.86720055,13.320251941680908,[0.8705758]
456,0.87481976,13.082274675369263,[0.8705758]
457,0.86801,13.375401496887207,[0.864888]
458,0.8703657,13.244235515594482,[0.87010163]
459,0.8626876,13.216052532196045,[0.8705758]
460,0.86368304,13.330704689025879,[0.86963475]
461,0.8742826,13.284608125686646,[0.87293684]
462,0.86726296,13.482840776443481,[0.86834776]
463,0.8566746,13.643097877502441,[0.8695388]
464,0.8665488,13.765587091445923,[0.8690036]
465,0.86791325,13.374389171600342,[0.87222415]
466,0.87178624,13.89778184890747,[0.87253785]
467,0.8534765,13.27531385421753,[0.86966836]
468,0.86505127,13.364514827728271,[0.86966836]
469,0.87101257,13.559687614440918,[0.87041306]
470,0.8617994,13.072516441345215,[0.87106127]
471,0.86336297,12.966463088989258,[0.8713258]
472,0.87372214,13.088287830352783,[0.8683362]
473,0.87298244,13.427725315093994,[0.8728469]
474,0.87195534,13.497133016586304,[0.8669356]
475,0.867216,12.989392280578613,[0.87320554]
476,0.86462873,13.025654554367065,[0.87231934]
477,0.8678149,13.24208688735962,[0.8710872]
478,0.8774459,12.969494104385376,[0.87117565]
479,0.8698144,13.482685804367065,[0.87253785]
480,0.8724844,12.823233127593994,[0.86966836]
481,0.86253107,13.377584457397461,[0.87293684]
482,0.8681797,12.645053625106812,[0.86963475]
483,0.8652047,13.310760736465454,[0.87010163]
484,0.85678095,12.88749623298645,[0.87010163]
485,0.8664473,13.220103740692139,[0.87029934]
486,0.8661517,12.869885206222534,[0.8711508]
487,0.8672115,12.862607955932617,[0.8701023]
488,0.86992055,13.170846462249756,[0.87253785]
489,0.864329,13.038797616958618,[0.87231934]
490,0.86596406,13.15120005607605,[0.87168765]
491,0.8636621,13.387716054916382,[0.8725367]
492,0.86452276,13.17659616470337,[0.87216306]
493,0.8652482,12.991207599639893,[0.8698145]
494,0.8712343,13.52246904373169,[0.87253785]
495,0.86179066,12.976588249206543,[0.87231934]
496,0.86271906,13.027105331420898,[0.8698469]
497,0.865157,13.087306022644043,[0.86834776]
498,0.87309855,12.95896601676941,[0.87231934]
499,0.8666637,13.19914174079895,[0.87041306]
500,0.8681562,13.013304948806763,[0.8711508]
501,0.87222815,13.03197693824768,[0.87041306]
502,0.8617472,13.23790168762207,[0.87320554]
503,0.86816263,12.974075078964233,[0.86975724]
504,0.86984265,12.77186393737793,[0.87229866]
505,0.8761442,13.186614513397217,[0.8705758]
506,0.8683697,13.054886817932129,[0.87134683]
507,0.8705761,12.986457824707031,[0.8690036]
508,0.8537107,13.4623384475708,[0.87010163]
509,0.86170256,13.11494255065918,[0.86571574]
510,0.87392557,13.170804500579834,[0.87357014]
511,0.86774457,13.065345048904419,[0.87253463]
512,0.8712204,12.956543207168579,[0.868204]
513,0.87686914,12.885691404342651,[0.87041306]
514,0.8687673,12.859665155410767,[0.8696466]
515,0.8712356,12.740387916564941,[0.8723568]
516,0.8677684,13.294540882110596,[0.8690036]
517,0.8641851,13.111194372177124,[0.87134683]
518,0.8625172,13.405067682266235,[0.87253463]
519,0.8650296,13.276043891906738,[0.87134683]
520,0.8648248,13.20098876953125,[0.8741535]
521,0.87361085,13.057118654251099,[0.8729445]
522,0.8728839,13.462897062301636,[0.86804736]
523,0.87028897,13.045783758163452,[0.8698469]
524,0.87154055,13.338201999664307,[0.87090224]
525,0.86231077,13.028374910354614,[0.8727404]
526,0.87353665,13.263737678527832,[0.87293684]
527,0.8722232,13.037150144577026,[0.87168765]
528,0.8745689,13.18021821975708,[0.8729445]
529,0.8620708,13.23880672454834,[0.8693359]
530,0.86347663,12.98179578781128,[0.87104887]
531,0.86836183,12.8427894115448,[0.87117565]
532,0.8592344,13.26608157157898,[0.87117565]
533,0.86750215,13.04194974899292,[0.87231934]
534,0.868139,13.095118999481201,[0.87172925]
535,0.87173694,13.237215280532837,[0.8707353]
536,0.8621192,13.286267280578613,[0.8709184]
537,0.8772992,13.205317258834839,[0.87253463]
538,0.86614233,13.300647735595703,[0.86975724]
539,0.8645901,12.922416687011719,[0.87117565]
540,0.8590574,13.188697576522827,[0.8694654]
541,0.865486,13.03457760810852,[0.86832535]
542,0.8766616,12.811555862426758,[0.8684617]
543,0.8575841,13.20598840713501,[0.87253463]
544,0.8655815,13.057418584823608,[0.86975724]
545,0.8642594,12.833604097366333,[0.87063134]
546,0.8654343,13.080943822860718,[0.86879855]
547,0.8693683,13.125408411026001,[0.86927253]
548,0.8791981,13.20048999786377,[0.8696466]
549,0.85563993,13.03706407546997,[0.8700756]
550,0.8660843,13.04993224143982,[0.87117565]
551,0.8631102,13.200336456298828,[0.8706071]
552,0.86425495,13.08404803276062,[0.86879855]
553,0.8658915,12.81208324432373,[0.8723568]
554,0.8600539,13.554960489273071,[0.8698145]
555,0.86420536,12.963092565536499,[0.86916906]
556,0.8711403,12.838392734527588,[0.86927253]
557,0.8730712,13.464117765426636,[0.86761665]
558,0.85905933,13.016842603683472,[0.86927253]
559,0.87287325,13.143196821212769,[0.87253463]
560,0.86238396,13.47556734085083,[0.86927253]
561,0.8670896,13.228861570358276,[0.87168765]
562,0.8691442,13.17516279220581,[0.8707353]
563,0.8673645,13.144365072250366,[0.8718568]
564,0.8724197,12.779495239257812,[0.86975724]
565,0.85929275,12.999151706695557,[0.86927253]
566,0.86235905,13.320973634719849,[0.87104887]
567,0.8668792,13.121266603469849,[0.871038]
568,0.87167215,13.161139011383057,[0.8731013]
569,0.8603762,12.947059154510498,[0.8706273]
570,0.86807173,13.049410581588745,[0.87394655]
571,0.8750086,13.327557563781738,[0.8721089]
572,0.8724376,12.869194269180298,[0.86975724]
573,0.86664665,12.785064458847046,[0.8701023]
574,0.8637046,13.020171880722046,[0.8696466]
575,0.87111247,12.920942783355713,[0.87235487]
576,0.8644507,13.079124927520752,[0.8684617]
577,0.8735359,13.173487424850464,[0.8708103]
578,0.88100964,12.920862674713135,[0.8721089]
579,0.869701,12.908055543899536,[0.87134683]
580,0.8696651,12.690060138702393,[0.8692305]
581,0.8666028,12.86389446258545,[0.86970663]
582,0.8681165,12.987669706344604,[0.87229866]
583,0.85809577,13.126961708068848,[0.87134683]
584,0.8666405,13.150283813476562,[0.87104887]
